Date,Open,High,Low,Close,Volume,Change,Delta,Change_Ratio,Delta_Ratio,Variance,momentum
2023-08-30,102.21,102.95,101.26,101.34,213719,-0.87,1.7,-0.86,1.67,0.85,-1
2023-08-29,101.8,103.08,101.13,102.78,161461,0.98,1.95,0.95,1.9,0.98,1
2023-08-28,102.04,103.99,101.22,101.96,184646,-0.08,2.77,-0.08,2.72,1.38,1
2023-08-25,101.08,102.5,99.93,101.47,231102,0.39,2.57,0.38,2.53,1.28,1
2023-08-24,102.47,104.47,99.84,100.13,216115,-2.34,4.63,-2.34,4.62,2.31,-1
2023-08-23,102.1,102.75,99.72,102.21,259201,0.11,3.03,0.11,2.97,1.52,-1
2023-08-22,101.67,103.39,100.99,103.3,231184,1.63,2.4,1.58,2.32,1.2,1
2023-08-21,101.98,102.55,100.64,101.19,182807,-0.79,1.91,-0.78,1.89,0.96,-1
2023-08-18,101.3,102.47,101.3,101.98,92526,0.68,1.17,0.67,1.15,0.59,1
2023-08-17,101.98,103.24,101.51,101.8,115606,-0.18,1.73,-0.18,1.7,0.86,-1
2023-08-16,103.49,105.45,101.94,102.03,116640,-1.46,3.51,-1.43,3.44,1.76,-1
2023-08-15,103.0,104.63,102.42,103.83,126514,0.83,2.21,0.8,2.13,1.1,1
2023-08-14,104.49,105.0,103.17,103.68,161939,-0.81,1.83,-0.78,1.77,0.91,-1
2023-08-11,105.9,106.66,104.84,104.93,201209,-0.97,1.82,-0.92,1.73,0.91,-1
2023-08-10,106.88,107.83,105.56,106.33,195969,-0.55,2.27,-0.52,2.13,1.13,1
2023-08-09,106.47,106.91,105.08,106.29,137923,-0.18,1.83,-0.17,1.73,0.92,1
2023-08-08,106.23,106.5,103.23,106.16,179609,-0.07,3.27,-0.07,3.08,1.63,-1
2023-08-07,106.96,107.79,106.21,107.4,113601,0.44,1.58,0.41,1.47,0.79,1
2023-08-04,105.3,107.1,105.06,105.99,144522,0.69,2.04,0.65,1.92,1.02,1
2023-08-03,105.74,106.5,104.34,105.13,151934,-0.61,2.16,-0.58,2.05,1.08,-1
2023-08-02,104.58,106.78,104.04,106.26,133808,1.68,2.74,1.58,2.58,1.37,1
2023-08-01,106.88,108.69,106.06,106.09,169730,-0.79,2.63,-0.74,2.48,1.31,-1
2023-07-31,107.88,108.96,106.44,107.85,282439,-0.03,2.52,-0.03,2.34,1.26,1
2023-07-28,106.92,108.26,106.62,107.11,105999,0.19,1.63,0.18,1.53,0.82,1
2023-07-27,105.47,106.74,104.64,105.65,165948,0.18,2.09,0.17,1.98,1.05,1
2023-07-26,105.46,106.86,103.41,104.65,147002,-0.81,3.45,-0.77,3.3,1.73,-1
2023-07-25,106.84,107.56,104.84,105.25,170140,-1.59,2.72,-1.51,2.58,1.36,-1
2023-07-24,106.95,108.54,106.95,107.07,218249,0.12,1.59,0.11,1.49,0.8,1
2023-07-21,110.29,111.12,106.68,106.68,197342,-3.61,4.43,-3.38,4.16,2.22,-1
2023-07-20,108.18,109.66,107.23,109.5,173626,1.32,2.43,1.21,2.22,1.21,1
2023-07-19,105.76,108.1,104.99,107.98,222053,2.22,3.11,2.06,2.88,1.55,1
2023-07-18,104.32,106.43,104.31,106.02,200923,1.7,2.12,1.6,2.0,1.06,1
2023-07-17,102.34,104.62,101.2,104.51,161440,2.17,3.41,2.08,3.27,1.71,1
2023-07-14,103.25,103.57,100.39,101.76,114949,-1.49,3.18,-1.46,3.12,1.59,-1
2023-07-13,103.29,103.89,101.98,103.25,122723,-0.04,1.91,-0.04,1.85,0.95,-1
2023-07-12,105.25,105.56,103.99,104.29,157816,-0.96,1.57,-0.92,1.51,0.79,1
2023-07-11,101.35,103.69,100.99,103.61,145095,2.26,2.7,2.18,2.61,1.35,1
2023-07-10,99.36,102.53,99.36,101.34,203751,1.98,3.17,1.95,3.13,1.59,1
2023-07-07,99.28,100.73,99.16,99.63,152173,0.35,1.56,0.35,1.57,0.78,1
2023-07-06,99.35,100.05,97.82,99.37,170246,0.02,2.23,0.02,2.24,1.12,-1
2023-07-05,102.5,102.68,99.71,100.64,264883,-1.86,2.98,-1.85,2.96,1.49,-1
2023-07-03,98.77,103.9,98.77,103.9,151445,5.13,5.13,4.94,4.94,2.57,1
2023-06-30,98.12,99.11,97.72,98.42,181086,0.3,1.39,0.3,1.41,0.7,1
2023-06-29,96.16,98.1,96.16,97.68,190254,1.52,1.94,1.56,1.99,0.97,1
2023-06-28,96.14,96.14,93.5,95.96,346518,-0.18,2.64,-0.19,2.76,1.32,-1
2023-06-27,96.15,98.08,95.54,96.54,190881,0.39,2.54,0.4,2.64,1.27,1
2023-06-26,94.13,97.06,94.13,95.88,303069,1.75,2.94,1.83,3.06,1.47,1
2023-06-23,96.05,96.61,93.3,93.37,548541,-2.68,3.31,-2.87,3.54,1.65,-1
2023-06-22,100.49,100.55,96.94,97.14,275513,-3.35,3.61,-3.45,3.72,1.8,-1
2023-06-21,98.92,101.31,98.86,100.62,187316,1.7,2.45,1.69,2.43,1.22,1
2023-06-20,99.09,100.5,97.46,98.97,367734,-0.12,3.05,-0.12,3.08,1.52,-1
2023-06-16,103.23,103.23,98.02,99.01,427768,-4.22,5.21,-4.26,5.26,2.61,-1
2023-06-15,100.96,102.64,100.08,102.57,182986,1.61,2.56,1.57,2.5,1.28,1
2023-06-14,100.99,102.92,100.19,101.47,242486,0.48,2.73,0.47,2.69,1.37,1
2023-06-13,100.41,101.19,98.58,100.76,233077,0.35,2.61,0.35,2.59,1.3,1
2023-06-12,99.98,101.99,98.32,100.71,259349,0.73,3.67,0.72,3.64,1.84,1
2023-06-09,101.38,101.38,96.85,99.03,393913,-2.35,4.53,-2.37,4.57,2.27,-1
2023-06-08,98.64,102.92,96.37,101.0,803139,2.36,6.55,2.34,6.49,3.27,-1
2023-06-07,104.88,107.93,104.61,107.21,400721,2.33,3.32,2.17,3.1,1.66,1
2023-06-06,99.78,105.26,99.78,103.38,291072,3.6,5.48,3.48,5.3,2.74,1
2023-06-05,98.74,99.73,95.5,99.05,269299,0.31,4.23,0.31,4.27,2.12,-1
2023-06-02,98.08,100.18,97.3,99.79,371026,1.71,2.88,1.71,2.89,1.44,1
2023-06-01,99.82,99.82,96.23,96.27,260600,-3.55,3.59,-3.69,3.73,1.79,-1
2023-05-31,101.0,101.0,98.1,99.94,231186,-1.06,2.9,-1.06,2.9,1.45,-1
2023-05-30,106.28,106.28,101.3,101.31,183834,-4.97,4.98,-4.91,4.92,2.49,-1
2023-05-26,101.83,106.49,101.83,106.0,159213,4.17,4.66,3.93,4.4,2.33,1
2023-05-25,102.29,103.68,101.57,102.63,208280,0.34,2.11,0.33,2.06,1.06,1
2023-05-24,105.61,105.64,101.59,102.59,138423,-3.02,4.05,-2.94,3.95,2.02,-1
2023-05-23,103.91,105.73,103.0,105.21,179764,1.3,2.73,1.24,2.59,1.37,1
2023-05-22,103.53,105.2,103.17,104.56,116410,1.03,2.03,0.99,1.94,1.01,1
2023-05-19,109.31,109.49,102.29,103.37,232226,-5.94,7.2,-5.75,6.97,3.6,-1
2023-05-18,108.48,110.22,108.48,109.29,188268,0.81,1.74,0.74,1.6,0.87,1
2023-05-17,107.44,109.59,106.46,109.0,212338,1.56,3.13,1.43,2.87,1.57,1
2023-05-16,108.31,108.87,106.85,106.87,177590,-1.44,2.02,-1.35,1.89,1.01,-1
2023-05-15,107.99,110.49,107.53,109.06,122311,1.07,2.96,0.98,2.71,1.48,1
2023-05-12,107.6,109.07,106.78,107.59,130574,-0.01,2.29,-0.01,2.13,1.14,1
2023-05-11,105.95,108.0,105.78,107.27,112275,1.32,2.22,1.23,2.07,1.11,1
2023-05-10,107.61,107.91,104.21,106.01,209010,-1.6,3.7,-1.51,3.49,1.85,1
2023-05-09,104.9,107.67,104.75,105.62,115307,0.72,2.92,0.68,2.76,1.46,1
2023-05-08,105.62,106.61,104.35,105.54,135126,-0.08,2.26,-0.08,2.14,1.13,1
2023-05-05,101.42,104.88,101.42,104.87,116115,3.45,3.46,3.29,3.3,1.73,1
2023-05-04,103.3,103.3,98.72,99.95,153063,-3.35,4.58,-3.35,4.58,2.29,-1
2023-05-03,103.44,106.24,103.44,104.51,173990,1.07,2.8,1.02,2.68,1.4,1
2023-05-02,104.28,105.0,101.91,103.59,244196,-0.69,3.09,-0.67,2.98,1.55,-1
2023-05-01,103.57,105.88,103.57,105.29,113518,1.72,2.32,1.63,2.2,1.16,1
2023-04-28,100.66,103.31,100.66,103.19,101797,2.53,2.65,2.45,2.57,1.33,1
2023-04-27,101.18,101.21,98.65,101.01,94256,-0.17,2.56,-0.17,2.53,1.28,1
2023-04-26,100.42,102.37,100.23,100.89,176307,0.47,2.14,0.47,2.12,1.07,-1
2023-04-25,105.15,106.79,100.7,100.99,195919,-4.16,6.09,-4.12,6.03,3.05,-1
2023-04-24,105.96,107.85,105.65,106.31,200575,0.35,2.2,0.33,2.07,1.1,1
2023-04-21,105.6,106.15,104.74,106.0,126088,0.4,1.41,0.38,1.33,0.71,1
2023-04-20,104.98,106.57,104.74,105.5,115734,0.52,1.83,0.49,1.73,0.91,-1
2023-04-19,106.0,106.82,104.21,105.59,152614,-0.41,2.61,-0.39,2.47,1.3,-1
2023-04-18,104.17,106.64,103.07,106.32,183207,2.15,3.57,2.02,3.36,1.79,1
2023-04-17,101.5,103.79,101.15,103.61,145170,2.11,2.64,2.04,2.55,1.32,1
2023-04-14,101.06,102.6,100.47,101.36,79463,0.3,2.13,0.3,2.1,1.06,1
2023-04-13,100.31,100.56,98.7,100.4,106752,0.09,1.86,0.09,1.85,0.93,1
2023-04-12,103.02,103.02,99.83,100.33,135029,-2.69,3.19,-2.68,3.18,1.59,-1
2023-04-11,100.88,102.89,100.88,102.04,102875,1.16,2.01,1.14,1.97,1.01,1
2023-04-10,98.74,101.31,98.21,100.7,143467,1.96,3.1,1.95,3.08,1.55,1
2023-04-06,100.81,101.49,99.06,99.15,124840,-1.66,2.43,-1.67,2.45,1.21,-1
2023-04-05,103.89,104.72,101.0,101.25,178542,-2.64,3.72,-2.61,3.67,1.86,-1
2023-04-04,107.13,107.51,103.66,104.87,144434,-2.26,3.85,-2.16,3.67,1.93,-1
2023-04-03,105.28,106.5,103.32,106.44,183633,1.16,3.18,1.09,2.99,1.59,1
2023-03-31,103.42,106.34,103.42,105.59,244048,2.17,2.92,2.06,2.77,1.46,1
2023-03-30,104.16,104.59,102.59,102.77,130200,-1.39,2.0,-1.35,1.95,1.0,-1
2023-03-29,105.0,105.29,101.93,103.27,147748,-1.73,3.36,-1.68,3.25,1.68,-1
2023-03-28,102.16,105.04,101.72,104.36,158713,2.2,3.32,2.11,3.18,1.66,1
2023-03-27,102.31,103.88,100.67,101.83,334097,-0.48,3.21,-0.47,3.16,1.61,1
2023-03-24,110.3,112.0,97.35,101.72,787344,-8.58,14.65,-8.43,14.4,7.33,-1
2023-03-23,117.85,119.6,113.76,116.47,268530,-1.38,5.84,-1.18,5.01,2.92,-1
2023-03-22,116.76,119.54,116.56,117.39,195515,0.63,2.97,0.54,2.53,1.49,1
2023-03-21,118.0,120.08,117.06,117.11,125783,-0.89,3.02,-0.76,2.57,1.51,1
2023-03-20,116.4,119.22,115.4,115.6,193114,-0.8,3.82,-0.69,3.3,1.91,1
2023-03-17,116.9,117.59,113.94,115.22,394240,-1.68,3.65,-1.46,3.17,1.83,-1
2023-03-16,111.5,117.86,111.5,117.42,157375,5.92,6.36,5.04,5.42,3.18,1
2023-03-15,110.47,113.82,108.61,113.65,267485,3.18,5.21,2.8,4.58,2.6,-1
2023-03-14,111.81,115.09,110.54,114.08,218354,2.27,4.55,1.99,3.99,2.27,1
2023-03-13,108.36,110.35,106.0,109.21,217891,0.85,4.35,0.78,3.98,2.17,-1
2023-03-10,112.69,113.03,108.61,110.97,178051,-1.72,4.42,-1.55,3.98,2.21,-1
2023-03-09,115.29,115.59,112.55,113.22,127094,-2.07,3.04,-1.83,2.69,1.52,-1
2023-03-08,115.66,116.51,113.92,115.24,81636,-0.42,2.59,-0.36,2.25,1.3,1
2023-03-07,115.85,117.21,115.12,115.22,87588,-0.63,2.09,-0.55,1.81,1.04,-1
2023-03-06,120.4,120.4,115.16,115.73,218216,-4.67,5.24,-4.04,4.53,2.62,-1
2023-03-03,117.26,121.12,115.55,120.47,128906,3.21,5.56,2.66,4.62,2.78,1
2023-03-02,115.74,118.47,115.73,116.62,130474,0.88,2.74,0.75,2.35,1.37,-1
2023-03-01,117.17,118.99,114.98,116.67,131388,-0.5,4.01,-0.43,3.44,2.01,-1
2023-02-28,116.16,119.28,116.16,117.61,139267,1.45,3.12,1.23,2.65,1.56,1
2023-02-27,116.96,117.76,115.13,116.14,97396,-0.82,2.63,-0.71,2.26,1.32,1
2023-02-24,114.45,115.74,113.04,115.7,74124,1.25,2.7,1.08,2.34,1.35,-1
2023-02-23,117.26,118.39,115.2,116.35,82971,-0.91,3.19,-0.78,2.74,1.59,-1
2023-02-22,113.78,116.61,113.43,116.51,117536,2.73,3.18,2.34,2.73,1.59,1
2023-02-21,116.51,118.03,113.55,114.0,179840,-2.51,4.48,-2.2,3.93,2.24,-1
2023-02-17,116.83,118.69,116.05,118.52,87665,1.69,2.64,1.43,2.23,1.32,1
2023-02-16,116.04,118.08,115.67,116.92,102090,0.88,2.41,0.75,2.06,1.2,-1
2023-02-15,115.57,117.82,115.5,117.6,62790,2.03,2.32,1.73,1.97,1.16,1
2023-02-14,116.46,117.5,115.12,116.62,77601,0.16,2.39,0.14,2.05,1.19,-1
2023-02-13,113.91,117.77,112.66,117.55,92758,3.64,5.11,3.1,4.35,2.55,1
2023-02-10,111.66,114.62,110.25,114.06,126088,2.4,4.36,2.1,3.83,2.18,1
2023-02-09,112.01,113.68,111.48,112.52,164681,0.51,2.21,0.45,1.96,1.1,1
2023-02-08,114.73,115.31,109.56,110.24,211780,-4.49,5.75,-4.07,5.22,2.88,-1
2023-02-07,117.66,117.66,114.02,116.06,102087,-1.6,3.64,-1.38,3.14,1.82,-1
2023-02-06,118.57,119.13,116.01,118.19,124530,-0.38,3.12,-0.32,2.64,1.56,-1
2023-02-03,120.27,123.37,119.04,119.04,156538,-1.23,4.33,-1.03,3.64,2.16,-1
2023-02-02,119.33,122.11,118.68,121.75,146058,2.42,3.43,1.99,2.82,1.71,1
2023-02-01,116.68,119.57,115.14,118.11,124753,1.43,4.43,1.21,3.75,2.22,1
2023-01-31,115.95,118.87,115.95,117.22,183832,1.27,2.92,1.08,2.49,1.46,1
2023-01-30,116.74,117.61,115.38,115.68,106279,-1.06,2.23,-0.92,1.93,1.12,-1
2023-01-27,114.29,117.26,114.05,117.23,120318,2.94,3.21,2.51,2.74,1.61,1
2023-01-26,114.92,115.9,112.81,114.41,92155,-0.51,3.09,-0.45,2.7,1.55,1
2023-01-25,113.0,114.62,112.45,114.3,108395,1.3,2.17,1.14,1.9,1.09,1
2023-01-24,110.58,113.26,110.58,113.09,91583,2.51,2.68,2.22,2.37,1.34,1
2023-01-23,109.0,111.67,107.92,111.05,116423,2.05,3.75,1.85,3.38,1.88,1
2023-01-20,106.0,109.4,104.91,109.38,123372,3.38,4.49,3.09,4.1,2.25,1
2023-01-19,105.53,105.89,104.1,105.57,121652,0.04,1.8,0.04,1.7,0.9,-1
2023-01-18,106.06,107.61,105.83,105.83,95063,-0.23,1.78,-0.22,1.68,0.89,-1
2023-01-17,106.79,106.98,105.32,106.1,132856,-0.69,1.67,-0.65,1.57,0.83,-1
2023-01-13,104.67,107.71,104.67,107.16,108023,2.49,3.04,2.32,2.84,1.52,1
2023-01-12,106.27,106.27,104.06,105.22,110558,-1.05,2.21,-1.0,2.11,1.11,-1
2023-01-11,106.21,107.0,105.34,105.92,138072,-0.29,1.66,-0.27,1.57,0.83,-1
2023-01-10,101.56,106.45,101.51,106.24,227443,4.68,4.94,4.41,4.65,2.47,1
2023-01-09,99.74,103.28,98.3,102.53,293483,2.79,4.98,2.72,4.86,2.49,1
2023-01-06,95.59,99.09,94.55,98.62,172226,3.03,4.54,3.07,4.6,2.27,1
2023-01-05,93.57,95.14,92.74,94.36,121999,0.79,2.4,0.84,2.54,1.2,1
2023-01-04,93.54,95.5,92.43,94.15,179368,0.61,3.07,0.65,3.26,1.53,1
2023-01-03,94.25,94.42,91.82,92.12,251066,-2.13,2.61,-2.31,2.83,1.3,-1
2022-12-30,94.97,95.43,92.64,93.18,149383,-1.79,2.79,-1.92,2.99,1.39,-1
2022-12-29,94.18,96.01,94.16,95.53,119070,1.35,1.85,1.41,1.94,0.93,1
2022-12-28,96.47,96.63,93.0,93.34,105559,-3.13,3.63,-3.35,3.89,1.82,-1
2022-12-27,96.65,97.32,95.3,96.47,78194,-0.18,2.03,-0.19,2.1,1.01,1
2022-12-23,96.17,96.31,94.52,96.07,64159,-0.1,1.79,-0.1,1.86,0.9,1
2022-12-22,95.37,95.99,93.37,95.92,101252,0.55,2.62,0.57,2.73,1.31,-1
2022-12-21,95.34,97.76,94.22,96.81,137292,1.47,3.55,1.52,3.66,1.77,1
2022-12-20,96.01,96.42,93.59,93.6,171750,-2.41,2.83,-2.57,3.03,1.42,-1
2022-12-19,98.55,98.55,95.84,96.24,191459,-2.31,2.71,-2.4,2.82,1.35,-1
2022-12-16,97.95,99.65,97.79,98.36,426302,0.41,1.86,0.42,1.89,0.93,-1
2022-12-15,101.0,101.22,98.76,99.71,152850,-1.29,2.46,-1.29,2.47,1.23,-1
2022-12-14,103.62,104.69,100.41,102.52,137326,-1.1,4.28,-1.07,4.17,2.14,-1
2022-12-13,105.93,107.42,102.66,103.46,229458,-2.47,4.77,-2.39,4.61,2.38,1
2022-12-12,100.33,103.84,99.8,103.35,244389,3.02,4.03,2.92,3.9,2.02,1
2022-12-09,100.42,103.08,100.09,100.8,284332,0.38,2.99,0.38,2.97,1.49,-1
2022-12-08,114.96,115.99,100.99,101.82,514025,-13.14,15.0,-12.91,14.73,7.5,-1
2022-12-07,108.25,110.55,106.27,108.19,301222,-0.06,4.28,-0.06,3.96,2.14,-1
2022-12-06,109.89,110.18,107.99,108.53,243985,-1.36,2.19,-1.25,2.02,1.1,-1
2022-12-05,113.84,114.1,109.41,109.89,155068,-3.95,4.7,-3.59,4.27,2.35,-1
2022-12-02,111.95,116.43,111.42,115.6,163335,3.65,5.01,3.16,4.34,2.51,1
2022-12-01,112.36,113.99,111.74,113.51,127267,1.15,2.25,1.01,1.98,1.12,1
2022-11-30,110.64,113.12,108.98,112.86,145171,2.22,4.15,1.97,3.67,2.07,1
2022-11-29,111.36,112.29,110.8,111.0,92268,-0.36,1.48,-0.32,1.34,0.74,-1
2022-11-28,112.49,114.31,111.24,111.54,172272,-0.95,3.07,-0.85,2.75,1.54,-1
2022-11-25,114.1,114.98,112.82,112.99,43121,-1.11,2.16,-0.98,1.91,1.08,-1
2022-11-23,113.66,116.38,112.96,114.64,129999,0.98,3.43,0.85,2.99,1.71,1
2022-11-22,109.97,114.98,108.9,114.51,173738,4.54,6.08,3.96,5.31,3.04,1
2022-11-21,108.95,110.9,106.49,108.52,107095,-0.43,4.41,-0.4,4.06,2.21,-1
2022-11-18,110.25,110.92,108.39,108.99,91412,-1.26,2.53,-1.16,2.32,1.27,1
2022-11-17,106.96,108.49,106.11,108.34,108894,1.38,2.38,1.27,2.2,1.19,1
2022-11-16,110.06,110.8,107.33,107.72,175257,-2.34,3.47,-2.17,3.22,1.73,-1
2022-11-15,109.0,113.53,106.8,112.84,181438,3.84,6.73,3.4,5.96,3.37,1
2022-11-14,104.62,108.52,104.62,106.89,221217,2.27,3.9,2.12,3.65,1.95,1
2022-11-11,103.5,106.67,103.5,106.05,131935,2.55,3.17,2.4,2.99,1.59,1
2022-11-10,96.78,103.89,96.78,103.29,213762,6.51,7.11,6.3,6.88,3.55,1
2022-11-09,96.49,98.5,92.8,93.21,214344,-3.28,5.7,-3.52,6.12,2.85,-1
2022-11-08,99.8,99.8,96.28,97.53,213942,-2.27,3.52,-2.33,3.61,1.76,-1
2022-11-07,103.07,103.4,98.02,98.62,208903,-4.45,5.38,-4.51,5.46,2.69,-1
2022-11-04,101.81,102.58,99.26,101.76,151279,-0.05,3.32,-0.05,3.26,1.66,1
2022-11-03,98.8,101.04,97.05,99.44,229705,0.64,3.99,0.64,4.01,2.0,1
2022-11-02,101.6,104.02,98.85,99.15,242480,-2.45,5.17,-2.47,5.21,2.59,-1
2022-11-01,103.26,103.6,101.75,102.65,184248,-0.61,1.85,-0.59,1.8,0.92,1
2022-10-31,100.15,102.3,98.67,101.73,157076,1.58,3.63,1.55,3.57,1.81,1
2022-10-28,96.65,100.54,95.18,100.45,173267,3.8,5.36,3.78,5.34,2.68,1
2022-10-27,97.77,99.51,95.63,96.19,165834,-1.58,3.88,-1.64,4.04,1.94,-1
2022-10-26,96.3,99.21,95.65,97.17,122614,0.87,3.56,0.9,3.66,1.78,1
2022-10-25,94.2,97.25,94.2,96.72,147428,2.52,3.05,2.61,3.15,1.52,1
2022-10-24,93.57,95.53,92.84,94.69,164394,1.12,2.69,1.18,2.84,1.34,1
2022-10-21,91.12,94.14,90.85,93.48,155000,2.36,3.29,2.52,3.52,1.65,1
2022-10-20,92.81,94.77,90.01,90.48,174377,-2.33,4.76,-2.58,5.26,2.38,-1
2022-10-19,93.6,94.45,91.92,93.08,194384,-0.52,2.53,-0.56,2.72,1.27,-1
2022-10-18,94.56,96.12,93.52,94.2,164706,-0.36,2.6,-0.38,2.76,1.3,1
2022-10-17,90.55,93.4,90.43,92.99,191728,2.44,2.97,2.62,3.2,1.49,1
2022-10-14,91.86,92.39,88.32,88.43,183513,-3.43,4.07,-3.88,4.6,2.04,-1
2022-10-13,87.95,91.94,86.81,91.26,221007,3.31,5.13,3.63,5.63,2.57,1
2022-10-12,90.87,91.38,89.75,90.22,159937,-0.65,1.63,-0.72,1.81,0.81,-1
2022-10-11,88.82,92.87,87.96,90.91,254419,2.09,4.91,2.3,5.4,2.46,1
2022-10-10,89.98,91.02,87.94,89.14,142341,-0.84,3.08,-0.94,3.46,1.54,-1
2022-10-07,90.31,90.92,88.32,89.51,211717,-0.8,2.59,-0.89,2.9,1.3,-1
2022-10-06,90.76,92.68,90.51,91.56,177485,0.8,2.17,0.87,2.37,1.09,1
2022-10-05,88.52,91.5,87.49,91.14,260194,2.62,4.01,2.87,4.4,2.01,1
2022-10-04,88.93,91.23,88.93,90.31,288846,1.38,2.3,1.53,2.55,1.15,1
2022-10-03,90.25,90.3,85.59,86.99,410945,-3.26,4.71,-3.75,5.41,2.35,-1
2022-09-30,88.84,91.05,85.75,89.78,335904,0.94,5.3,1.05,5.9,2.65,-1
2022-09-29,92.57,92.57,88.97,89.82,223677,-2.75,3.6,-3.06,4.01,1.8,-1
2022-09-28,91.34,94.17,90.81,93.58,344916,2.24,3.36,2.39,3.59,1.68,1
2022-09-27,90.02,92.08,89.03,90.94,276843,0.92,3.05,1.01,3.35,1.52,1
2022-09-26,87.75,91.14,87.65,89.05,416396,1.3,3.49,1.46,3.92,1.74,1
2022-09-23,89.74,90.7,87.12,87.84,365140,-1.9,3.59,-2.16,4.08,1.79,-1
2022-09-22,93.07,94.6,90.69,91.7,415124,-1.37,3.91,-1.49,4.26,1.95,-1
2022-09-21,97.4,98.61,92.16,92.19,461810,-5.21,6.45,-5.65,7.0,3.23,-1
2022-09-20,91.79,96.86,91.08,95.32,671466,3.53,5.78,3.7,6.06,2.89,1
2022-09-19,86.43,90.34,86.43,90.02,262309,3.59,3.91,3.99,4.34,1.95,1
2022-09-16,87.35,88.2,85.0,86.7,595923,-0.65,3.2,-0.75,3.7,1.6,-1
2022-09-15,86.24,89.07,86.23,88.78,376641,2.54,2.84,2.86,3.2,1.42,1
2022-09-14,86.58,86.9,85.0,86.25,343346,-0.33,1.9,-0.38,2.21,0.95,-1
2022-09-13,89.56,90.1,86.33,86.64,375574,-2.92,3.77,-3.37,4.35,1.88,-1
2022-09-12,93.05,93.78,91.06,92.33,358342,-0.72,2.72,-0.78,2.95,1.36,1
2022-09-09,90.6,93.43,90.6,92.11,211281,1.51,2.83,1.64,3.07,1.42,1
2022-09-08,89.06,91.26,88.43,90.58,208485,1.52,2.83,1.68,3.12,1.41,1
2022-09-07,90.54,91.92,89.45,90.14,336105,-0.4,2.47,-0.44,2.74,1.23,-1
2022-09-06,93.5,94.68,90.26,90.69,423528,-2.81,4.42,-3.1,4.87,2.21,-1
2022-09-02,97.27,99.22,92.55,92.89,867288,-4.38,6.67,-4.72,7.18,3.34,-1
2022-09-01,105.15,105.41,100.8,102.43,518450,-2.72,4.61,-2.66,4.5,2.3,-1
2022-08-31,109.87,109.87,106.13,106.73,401463,-3.14,3.74,-2.94,3.5,1.87,-1
2022-08-30,113.51,114.68,109.67,110.38,254294,-3.13,5.01,-2.84,4.54,2.51,-1
2022-08-29,112.0,114.43,111.46,113.93,133787,1.93,2.97,1.69,2.61,1.49,1
2022-08-26,115.16,115.69,113.1,113.43,164462,-1.73,2.59,-1.53,2.28,1.3,-1
2022-08-25,114.5,117.62,114.06,115.23,191288,0.73,3.57,0.63,3.1,1.78,1
2022-08-24,117.18,117.18,114.22,114.52,208000,-2.66,2.96,-2.32,2.58,1.48,-1
2022-08-23,117.96,119.5,117.3,117.42,194159,-0.54,2.2,-0.46,1.88,1.1,1
2022-08-22,116.07,116.21,113.97,115.74,211390,-0.33,2.24,-0.29,1.94,1.12,-1
2022-08-19,117.63,118.54,114.9,117.97,248198,0.34,3.63,0.29,3.08,1.82,1
2022-08-18,115.94,117.91,115.08,117.54,243642,1.6,2.83,1.36,2.41,1.41,1
2022-08-17,114.91,117.33,113.89,116.38,301779,1.47,3.44,1.26,2.96,1.72,1
2022-08-16,108.22,116.7,107.83,115.72,274145,7.5,8.86,6.48,7.66,4.43,1
2022-08-15,105.03,108.48,104.26,108.37,167557,3.34,4.22,3.08,3.89,2.11,1
2022-08-12,104.95,106.73,104.28,106.44,118710,1.49,2.45,1.4,2.3,1.23,1
2022-08-11,104.6,106.86,103.96,104.63,191014,0.03,2.9,0.03,2.77,1.45,1
2022-08-10,100.55,104.08,100.55,103.71,205786,3.16,3.53,3.05,3.4,1.77,1
2022-08-09,100.08,100.08,98.03,98.8,180689,-1.28,2.05,-1.3,2.07,1.02,-1
2022-08-08,99.4,101.79,99.4,100.53,153586,1.13,2.39,1.12,2.38,1.2,1
2022-08-05,97.51,99.65,96.95,99.0,90467,1.49,2.7,1.51,2.73,1.35,1
2022-08-04,97.09,98.92,96.37,98.73,85986,1.64,2.55,1.66,2.58,1.27,1
2022-08-03,95.15,97.42,94.58,96.62,91908,1.47,2.85,1.52,2.95,1.42,1
2022-08-02,97.02,97.63,94.5,94.53,87571,-2.49,3.13,-2.63,3.31,1.56,-1
2022-08-01,94.6,97.72,93.71,96.94,211743,2.34,4.01,2.41,4.14,2.01,1
2022-07-29,95.14,95.96,93.81,95.4,94822,0.26,2.15,0.27,2.25,1.07,1
2022-07-28,93.79,95.65,92.5,95.24,106247,1.45,3.15,1.52,3.31,1.58,1
2022-07-27,91.81,94.3,90.26,93.94,102737,2.13,4.05,2.27,4.31,2.02,1
2022-07-26,92.39,93.16,90.21,91.32,156917,-1.07,2.95,-1.17,3.22,1.47,-1
2022-07-25,94.97,95.16,93.32,93.83,108376,-1.14,1.84,-1.21,1.97,0.92,-1
2022-07-22,95.11,95.84,93.24,93.91,81488,-1.2,2.61,-1.28,2.77,1.3,1
2022-07-21,93.36,93.93,91.55,93.88,89027,0.52,2.38,0.55,2.54,1.19,1
2022-07-20,91.33,92.92,90.73,92.85,106600,1.52,2.19,1.64,2.36,1.09,1
2022-07-19,89.08,92.57,88.9,91.33,190702,2.25,3.67,2.46,4.02,1.83,1
2022-07-18,86.67,88.09,86.5,87.75,233089,1.08,1.59,1.23,1.81,0.8,1
2022-07-15,85.41,86.44,83.35,85.72,120098,0.31,3.09,0.36,3.6,1.54,1
2022-07-14,83.61,84.44,82.46,83.39,125505,-0.22,1.97,-0.26,2.37,0.99,-1
2022-07-13,85.52,87.13,84.69,85.63,116579,0.11,2.44,0.13,2.85,1.22,-1
2022-07-12,86.27,88.15,85.98,86.54,142322,0.27,2.17,0.31,2.51,1.09,1
2022-07-11,87.43,88.18,86.1,86.26,129551,-1.17,2.08,-1.36,2.41,1.04,-1
2022-07-08,89.19,89.47,87.16,88.48,156834,-0.71,2.31,-0.8,2.61,1.16,-1
2022-07-07,87.73,90.0,87.73,89.21,152965,1.48,2.27,1.66,2.54,1.13,1
2022-07-06,88.43,89.57,87.18,87.74,167752,-0.69,2.39,-0.79,2.72,1.19,-1
2022-07-05,85.66,89.76,85.65,88.96,263761,3.3,4.11,3.71,4.62,2.05,1
2022-07-01,88.0,89.46,86.2,87.46,256894,-0.54,3.27,-0.62,3.74,1.63,-1
2022-06-30,89.82,90.26,88.13,88.74,234007,-1.08,2.13,-1.22,2.4,1.07,-1
2022-06-29,93.83,93.93,89.4,90.81,117662,-3.02,4.54,-3.33,4.99,2.27,-1
2022-06-28,96.08,96.74,93.44,93.83,124398,-2.25,3.3,-2.4,3.52,1.65,-1
2022-06-27,96.05,96.74,94.54,95.33,204271,-0.72,2.21,-0.76,2.32,1.11,1
2022-06-24,92.99,95.16,92.91,95.08,449308,2.09,2.25,2.2,2.37,1.12,1
2022-06-23,90.93,92.62,89.91,92.36,128294,1.43,2.7,1.55,2.93,1.35,1
2022-06-22,89.78,91.54,89.18,90.06,130324,0.28,2.36,0.31,2.61,1.18,-1
2022-06-21,90.25,91.39,87.93,90.86,202855,0.61,3.46,0.67,3.81,1.73,1
2022-06-17,84.74,88.86,84.42,88.51,426268,3.77,4.44,4.26,5.02,2.22,1
2022-06-16,89.52,89.52,82.14,83.7,303221,-5.82,7.38,-6.95,8.82,3.69,-1
2022-06-15,90.39,92.2,89.94,91.21,297580,0.82,2.26,0.9,2.47,1.13,1
2022-06-14,88.77,89.91,88.24,88.95,348123,0.18,1.66,0.2,1.87,0.83,1
2022-06-13,91.37,92.34,88.33,88.77,345775,-2.6,4.01,-2.93,4.52,2.01,-1
2022-06-10,95.44,96.91,93.55,93.91,248069,-1.53,3.36,-1.63,3.58,1.68,-1
2022-06-09,96.48,99.28,95.11,96.44,512674,-0.04,4.17,-0.04,4.32,2.08,1
2022-06-08,91.44,93.24,91.0,91.88,350061,0.44,2.23,0.48,2.43,1.12,-1
2022-06-07,91.64,93.7,91.35,92.21,210051,0.57,2.35,0.62,2.55,1.18,-1
2022-06-06,95.07,95.26,93.24,93.8,225470,-1.27,2.02,-1.35,2.15,1.01,-1
2022-06-03,93.72,95.12,93.14,94.51,125079,0.79,1.97,0.84,2.09,0.99,1
2022-06-02,92.18,94.15,92.18,94.05,152440,1.87,1.97,1.99,2.09,0.98,1
2022-06-01,91.48,92.75,90.21,91.78,195887,0.3,2.54,0.33,2.77,1.27,1
2022-05-31,90.46,92.18,89.08,91.16,252920,0.7,3.1,0.77,3.4,1.55,-1
2022-05-27,88.35,91.84,88.35,91.35,132607,3.0,3.5,3.28,3.83,1.75,1
2022-05-26,85.68,89.8,85.68,88.35,172858,2.67,4.12,3.02,4.66,2.06,1
2022-05-25,78.71,85.32,78.71,84.75,188016,6.04,6.61,7.13,7.8,3.3,1
2022-05-24,82.69,82.69,77.81,79.34,207488,-3.35,4.88,-4.22,6.16,2.44,-1
2022-05-23,83.0,84.26,81.72,83.43,158393,0.43,2.54,0.52,3.04,1.27,1
2022-05-20,84.11,84.11,80.15,82.59,178683,-1.52,3.96,-1.84,4.79,1.98,-1
2022-05-19,82.99,85.0,81.65,83.27,200872,0.28,3.35,0.34,4.02,1.67,-1
2022-05-18,85.1,85.87,82.24,83.67,231758,-1.43,3.62,-1.71,4.33,1.81,-1
2022-05-17,86.06,88.02,84.74,87.22,139424,1.16,3.28,1.33,3.76,1.64,1
2022-05-16,83.21,85.4,82.22,85.01,137344,1.8,3.17,2.12,3.73,1.59,1
2022-05-13,83.85,85.5,83.52,83.96,134717,0.11,1.98,0.13,2.36,0.99,1
2022-05-12,80.0,83.62,80.0,82.96,168751,2.96,3.62,3.57,4.36,1.81,1
2022-05-11,82.0,84.29,80.32,80.45,216863,-1.55,3.97,-1.93,4.93,1.99,-1
2022-05-10,83.62,84.56,80.83,81.8,163842,-1.82,3.73,-2.22,4.56,1.87,-1
2022-05-09,83.73,85.63,82.89,83.19,136449,-0.54,2.74,-0.65,3.29,1.37,-1
2022-05-06,86.07,87.8,84.14,85.05,202398,-1.02,3.66,-1.2,4.3,1.83,-1
2022-05-05,88.73,90.03,85.44,86.86,167113,-1.87,4.59,-2.15,5.28,2.29,-1
2022-05-04,89.58,90.58,86.48,90.13,169993,0.55,4.1,0.61,4.55,2.05,1
2022-05-03,89.96,90.94,88.18,89.13,254223,-0.83,2.76,-0.93,3.1,1.38,-1
2022-05-02,89.51,91.44,88.42,90.03,191762,0.52,3.02,0.58,3.35,1.51,1
2022-04-29,93.04,93.98,89.24,89.6,183850,-3.44,4.74,-3.84,5.29,2.37,-1
2022-04-28,93.42,94.5,91.17,93.92,110607,0.5,3.33,0.53,3.55,1.66,1
2022-04-27,92.23,93.39,90.73,92.67,234082,0.44,2.66,0.47,2.87,1.33,-1
2022-04-26,94.44,95.01,92.2,92.69,141461,-1.75,2.81,-1.89,3.04,1.41,-1
2022-04-25,91.89,96.26,90.83,95.57,265930,3.68,5.44,3.85,5.69,2.72,1
2022-04-22,94.71,96.08,92.14,92.55,233126,-2.16,3.94,-2.33,4.25,1.97,-1
2022-04-21,97.6,98.18,95.08,95.78,207223,-1.82,3.11,-1.9,3.24,1.55,-1
2022-04-20,97.01,98.17,95.77,96.73,155570,-0.28,2.4,-0.29,2.48,1.2,1
2022-04-19,94.48,96.53,94.48,95.66,198012,1.18,2.05,1.23,2.14,1.02,1
2022-04-18,92.3,94.85,91.85,94.09,268596,1.79,3.0,1.9,3.19,1.5,1
2022-04-14,92.86,94.31,92.39,92.5,195988,-0.36,1.92,-0.39,2.08,0.96,-1
2022-04-13,90.59,93.0,90.59,92.51,158324,1.92,2.41,2.08,2.61,1.2,1
2022-04-12,90.32,92.23,90.04,90.96,222571,0.64,2.19,0.7,2.41,1.09,1
2022-04-11,90.66,91.55,88.4,89.25,211126,-1.41,3.15,-1.58,3.53,1.57,-1
2022-04-08,90.45,93.34,89.68,90.97,248719,0.52,3.66,0.57,4.02,1.83,1
2022-04-07,89.09,90.02,87.36,89.44,345220,0.35,2.66,0.39,2.97,1.33,1
2022-04-06,89.72,90.65,87.03,87.88,319791,-1.84,3.62,-2.09,4.12,1.81,-1
2022-04-05,91.62,92.28,89.04,90.85,276907,-0.77,3.24,-0.85,3.57,1.62,-1
2022-04-04,90.42,91.9,89.52,91.5,277826,1.08,2.38,1.18,2.6,1.19,1
2022-04-01,91.06,91.25,89.63,90.12,346898,-0.94,1.62,-1.04,1.8,0.81,-1
2022-03-31,91.06,92.05,89.32,90.5,257212,-0.56,2.73,-0.62,3.02,1.37,-1
2022-03-30,94.08,94.08,90.55,91.08,181830,-3.0,3.53,-3.29,3.88,1.77,-1
2022-03-29,92.38,94.27,92.38,93.85,180324,1.47,1.89,1.57,2.01,0.95,1
2022-03-28,91.26,91.5,89.52,91.09,209108,-0.17,1.98,-0.19,2.17,0.99,-1
2022-03-25,92.7,93.1,90.06,91.93,230182,-0.77,3.04,-0.84,3.31,1.52,1
2022-03-24,88.5,93.47,86.5,91.91,973051,3.41,6.97,3.71,7.59,3.49,1
2022-03-23,85.26,85.43,81.95,82.63,245285,-2.63,3.48,-3.18,4.21,1.74,-1
2022-03-22,87.25,88.0,85.04,85.57,221966,-1.68,2.96,-1.96,3.46,1.48,-1
2022-03-21,87.08,87.35,85.87,86.64,247796,-0.44,1.48,-0.51,1.71,0.74,-1
2022-03-18,85.89,87.02,84.25,86.91,333778,1.02,2.77,1.17,3.19,1.38,1
2022-03-17,84.43,86.24,83.55,85.8,252982,1.37,2.7,1.6,3.14,1.35,1
2022-03-16,84.36,87.64,83.48,84.12,285958,-0.24,4.16,-0.29,4.95,2.08,1
2022-03-15,84.09,86.06,82.18,83.2,135741,-0.89,3.88,-1.07,4.66,1.94,-1
2022-03-14,83.77,85.16,83.02,83.28,154915,-0.49,2.14,-0.59,2.58,1.07,-1
2022-03-11,84.16,84.37,83.03,83.3,128864,-0.86,1.34,-1.03,1.61,0.67,-1
2022-03-10,84.1,85.61,83.29,83.68,119001,-0.42,2.32,-0.5,2.77,1.16,-1
2022-03-09,86.19,87.29,85.55,85.86,76547,-0.33,1.74,-0.38,2.03,0.87,1
2022-03-08,83.18,86.04,83.1,84.29,192387,1.11,2.94,1.32,3.49,1.47,1
2022-03-07,85.72,85.83,82.5,82.87,194514,-2.85,3.33,-3.44,4.02,1.66,-1
2022-03-04,86.82,87.2,83.7,85.33,155864,-1.49,3.5,-1.75,4.11,1.75,-1
2022-03-03,88.73,88.74,86.79,88.0,150322,-0.73,1.95,-0.83,2.22,0.97,-1
2022-03-02,85.87,89.23,85.87,88.58,141555,2.71,3.36,3.06,3.79,1.68,1
2022-03-01,87.72,88.28,84.36,85.25,200131,-2.47,3.92,-2.9,4.6,1.96,-1
2022-02-28,86.27,88.78,86.27,88.39,127233,2.12,2.51,2.4,2.84,1.26,1
2022-02-25,85.43,87.73,84.7,87.26,133299,1.83,3.03,2.1,3.47,1.52,1
2022-02-24,82.21,86.59,81.56,85.25,239137,3.04,5.03,3.57,5.9,2.51,1
2022-02-23,84.72,85.0,83.4,83.55,193925,-1.17,1.6,-1.4,1.91,0.8,-1
2022-02-22,85.08,86.53,83.33,83.63,145541,-1.45,3.2,-1.73,3.83,1.6,-1
2022-02-18,85.22,86.95,84.28,85.34,104929,0.12,2.67,0.14,3.13,1.33,-1
2022-02-17,86.15,87.27,85.18,85.44,159944,-0.71,2.09,-0.83,2.45,1.04,-1
2022-02-16,86.95,87.6,84.69,86.56,190443,-0.39,2.91,-0.45,3.36,1.45,-1
2022-02-15,86.47,88.3,86.47,87.63,86160,1.16,1.84,1.32,2.09,0.92,1
2022-02-14,86.12,88.5,85.01,85.47,133442,-0.65,3.49,-0.76,4.08,1.74,-1
2022-02-11,87.07,87.72,84.64,86.34,158657,-0.73,3.08,-0.85,3.57,1.54,-1
2022-02-10,85.31,87.59,85.31,86.59,207119,1.28,2.28,1.48,2.63,1.14,-1
2022-02-09,87.0,88.85,86.47,87.16,167575,0.16,2.38,0.18,2.73,1.19,1
2022-02-08,83.29,86.85,83.29,86.63,102170,3.34,3.56,3.86,4.11,1.78,1
2022-02-07,81.77,83.99,81.32,83.6,116625,1.83,2.67,2.19,3.19,1.34,1
2022-02-04,82.17,82.92,81.01,82.34,147210,0.17,1.91,0.21,2.33,0.96,-1
2022-02-03,83.7,84.76,82.58,82.75,105953,-0.95,2.18,-1.15,2.63,1.09,-1
2022-02-02,84.12,85.14,82.5,84.56,146924,0.44,2.64,0.52,3.12,1.32,1
2022-02-01,81.27,85.15,81.27,84.33,192972,3.06,3.88,3.63,4.6,1.94,1
2022-01-31,78.34,82.54,76.21,82.39,297389,4.05,6.33,4.92,7.68,3.16,1
2022-01-28,85.02,85.56,79.03,80.95,309852,-4.07,6.53,-5.03,8.07,3.27,-1
2022-01-27,87.45,89.65,87.28,87.87,74894,0.42,2.37,0.48,2.7,1.19,1
2022-01-26,91.02,91.82,86.4,87.41,120951,-3.61,5.42,-4.13,6.2,2.71,-1
2022-01-25,89.56,90.97,88.1,89.72,133993,0.16,2.87,0.18,3.2,1.44,-1
2022-01-24,86.42,91.39,85.96,91.23,174307,4.81,5.43,5.27,5.95,2.72,1
2022-01-21,88.22,90.58,86.97,88.05,139245,-0.17,3.61,-0.19,4.1,1.81,-1
2022-01-20,92.39,93.76,88.27,88.45,124770,-3.94,5.49,-4.45,6.21,2.75,-1
2022-01-19,93.13,93.23,91.41,92.21,114645,-0.92,1.82,-1.0,1.97,0.91,-1
2022-01-18,92.74,93.74,92.24,92.31,92320,-0.43,1.5,-0.47,1.62,0.75,-1
2022-01-14,94.67,95.77,92.85,93.81,74052,-0.86,2.92,-0.92,3.11,1.46,-1
2022-01-13,96.09,97.92,95.68,96.1,65551,0.01,2.24,0.01,2.33,1.12,1
2022-01-12,96.6,97.35,94.54,95.72,124014,-0.88,2.81,-0.92,2.94,1.4,-1
2022-01-11,95.86,96.86,94.74,96.42,115587,0.56,2.12,0.58,2.2,1.06,-1
2022-01-10,96.61,96.84,94.2,96.72,155451,0.11,2.64,0.11,2.73,1.32,-1
2022-01-07,99.79,100.83,97.83,97.87,94787,-1.92,3.0,-1.96,3.07,1.5,-1
2022-01-06,99.83,101.4,97.65,100.43,98665,0.6,3.75,0.6,3.73,1.88,1
2022-01-05,100.62,102.85,99.36,99.46,200455,-1.16,3.49,-1.17,3.5,1.74,-1
2022-01-04,100.44,102.54,99.13,99.57,303375,-0.87,3.41,-0.87,3.42,1.71,-1
2022-01-03,101.87,104.04,99.12,99.64,191441,-2.23,4.92,-2.24,4.94,2.46,-1
2021-12-31,101.58,102.54,99.7,101.52,48816,-0.06,2.84,-0.06,2.8,1.42,1
2021-12-30,101.37,102.31,100.93,101.2,47381,-0.17,1.38,-0.17,1.36,0.69,1
2021-12-29,99.48,101.37,98.29,100.81,59501,1.33,3.08,1.32,3.06,1.54,1
2021-12-28,98.98,100.49,98.98,99.18,70873,0.2,1.51,0.2,1.52,0.75,-1
2021-12-27,96.83,99.28,95.74,99.23,100012,2.4,3.54,2.42,3.57,1.77,1
2021-12-23,96.52,96.99,95.09,96.0,55825,-0.52,1.9,-0.54,1.97,0.95,-1
2021-12-22,95.86,96.9,95.86,96.58,63933,0.72,1.04,0.75,1.08,0.52,1
2021-12-21,94.41,96.89,94.41,96.0,122431,1.59,2.48,1.66,2.58,1.24,1
2021-12-20,95.1,95.1,91.04,92.8,130362,-2.3,4.06,-2.48,4.38,2.03,-1
2021-12-17,93.7,97.47,92.23,96.45,501880,2.75,5.24,2.85,5.43,2.62,1
2021-12-16,98.81,98.81,94.07,94.13,98314,-4.68,4.74,-4.97,5.04,2.37,-1
2021-12-15,96.98,97.7,94.5,97.44,141137,0.46,3.2,0.47,3.28,1.6,1
2021-12-14,96.89,98.47,96.12,96.98,158955,0.09,2.35,0.09,2.42,1.17,1
2021-12-13,99.69,99.73,95.01,96.37,107996,-3.32,4.72,-3.45,4.9,2.36,-1
2021-12-10,102.04,102.04,99.47,99.56,105916,-2.48,2.57,-2.49,2.58,1.29,-1
2021-12-09,109.62,109.62,100.27,100.54,243750,-9.08,9.35,-9.03,9.3,4.68,-1
2021-12-08,106.26,107.7,104.06,104.6,218244,-1.66,3.64,-1.59,3.48,1.82,-1
2021-12-07,103.37,107.28,103.37,106.3,121011,2.93,3.91,2.76,3.68,1.95,1
2021-12-06,100.04,102.98,97.63,102.72,134133,2.68,5.35,2.61,5.21,2.68,1
2021-12-03,97.12,98.8,95.75,98.0,187262,0.88,3.05,0.9,3.11,1.52,1
2021-12-02,96.52,97.92,95.99,97.19,79555,0.67,1.93,0.69,1.99,0.97,1
2021-12-01,98.35,100.97,95.48,95.62,102030,-2.73,5.5,-2.86,5.75,2.75,1
2021-11-30,97.84,98.62,95.0,95.54,113767,-2.3,3.62,-2.41,3.79,1.81,-1
2021-11-29,101.73,101.82,98.04,98.95,110059,-2.78,3.78,-2.81,3.82,1.89,-1
2021-11-26,100.96,101.0,96.18,99.66,54243,-1.3,4.81,-1.3,4.83,2.41,-1
2021-11-24,107.0,107.0,103.36,103.58,95280,-3.42,3.64,-3.3,3.51,1.82,-1
2021-11-23,108.54,109.47,106.93,107.84,55712,-0.7,2.54,-0.65,2.36,1.27,-1
2021-11-22,107.26,110.37,107.05,108.75,88518,1.49,3.32,1.37,3.05,1.66,1
2021-11-19,105.88,109.67,104.14,106.43,219042,0.55,5.53,0.52,5.2,2.77,-1
2021-11-18,104.9,107.47,103.92,106.92,77273,2.02,3.55,1.89,3.32,1.77,1
2021-11-17,103.8,104.87,103.45,104.46,57644,0.66,1.42,0.63,1.36,0.71,1
2021-11-16,103.8,104.9,103.61,104.35,60665,0.55,1.29,0.53,1.24,0.65,1
2021-11-15,102.94,103.76,101.38,103.49,67871,0.55,2.38,0.53,2.3,1.19,1
2021-11-12,101.67,103.22,101.66,102.19,45087,0.52,1.56,0.51,1.53,0.78,1
2021-11-11,102.1,102.85,101.1,101.71,43165,-0.39,1.75,-0.38,1.72,0.88,1
2021-11-10,101.61,102.69,100.69,101.51,60763,-0.1,2.0,-0.1,1.97,1.0,-1
2021-11-09,100.74,102.1,100.27,101.84,59883,1.1,1.83,1.08,1.8,0.91,1
2021-11-08,100.3,101.41,99.36,100.62,60732,0.32,2.05,0.32,2.04,1.02,1
2021-11-05,100.27,102.2,99.25,100.0,79042,-0.27,2.95,-0.27,2.95,1.48,1
2021-11-04,97.56,98.97,96.1,98.1,67931,0.54,2.87,0.55,2.93,1.44,1
2021-11-03,93.4,97.58,92.13,96.91,62641,3.51,5.45,3.62,5.62,2.73,1
2021-11-02,96.9,97.0,92.76,92.87,56687,-4.03,4.24,-4.34,4.57,2.12,-1
2021-11-01,92.75,96.79,92.0,96.68,103408,3.93,4.78,4.06,4.95,2.39,1
2021-10-29,90.8,93.0,90.2,92.72,97443,1.92,2.8,2.07,3.02,1.4,1
2021-10-28,89.37,91.08,89.34,90.97,59360,1.6,1.73,1.76,1.91,0.87,1
2021-10-27,90.35,91.03,88.72,88.9,63524,-1.45,2.31,-1.63,2.59,1.15,-1
2021-10-26,92.27,92.27,90.7,90.77,60784,-1.5,1.57,-1.65,1.73,0.78,-1
2021-10-25,91.56,92.68,91.31,91.57,71844,0.01,1.37,0.01,1.5,0.69,-1
2021-10-22,92.1,92.6,91.36,91.88,49002,-0.22,1.25,-0.24,1.36,0.62,-1
2021-10-21,91.07,93.0,91.07,92.41,50534,1.34,1.93,1.45,2.09,0.97,1
2021-10-20,91.04,92.11,90.43,91.25,58811,0.21,1.68,0.23,1.84,0.84,1
2021-10-19,92.4,92.65,91.0,91.04,101639,-1.36,1.65,-1.49,1.81,0.83,-1
2021-10-18,91.37,92.77,90.66,92.02,86922,0.65,2.11,0.71,2.29,1.05,-1
2021-10-15,94.21,94.55,92.03,92.03,84508,-2.18,2.52,-2.37,2.74,1.26,-1
2021-10-14,92.38,93.46,92.15,92.6,57819,0.22,1.31,0.24,1.41,0.65,1
2021-10-13,90.87,91.6,89.42,91.43,71527,0.56,2.18,0.61,2.39,1.09,1
2021-10-12,89.49,91.08,89.0,91.0,58176,1.51,2.08,1.66,2.28,1.04,1
2021-10-11,89.25,90.93,89.0,89.06,92434,-0.19,1.93,-0.21,2.17,0.97,-1
2021-10-08,92.93,92.93,89.11,89.45,101606,-3.48,3.82,-3.89,4.27,1.91,-1
2021-10-07,92.46,94.1,92.39,93.05,133239,0.59,1.71,0.63,1.84,0.85,1
2021-10-06,93.01,93.36,89.48,91.17,146137,-1.84,3.88,-2.02,4.26,1.94,-1
2021-10-05,93.5,95.72,92.99,93.71,122431,0.21,2.73,0.22,2.91,1.37,1
2021-10-04,91.75,94.31,90.92,93.39,145404,1.64,3.39,1.76,3.63,1.69,1
2021-10-01,91.11,92.75,89.87,92.37,128661,1.26,2.88,1.36,3.12,1.44,1
2021-09-30,94.76,95.73,90.08,90.17,128727,-4.59,5.65,-5.09,6.27,2.83,-1
2021-09-29,94.33,95.34,92.74,94.5,115928,0.17,2.6,0.18,2.75,1.3,1
2021-09-28,93.97,94.97,92.93,93.9,139059,-0.07,2.04,-0.07,2.17,1.02,1
2021-09-27,90.0,95.31,90.0,93.85,166333,3.85,5.31,4.1,5.66,2.66,1
2021-09-24,87.53,90.14,85.7,89.62,119356,2.09,4.44,2.33,4.95,2.22,1
2021-09-23,87.9,90.14,87.45,88.09,85358,0.19,2.69,0.22,3.05,1.34,1
2021-09-22,86.0,88.2,85.78,87.32,75574,1.32,2.42,1.51,2.77,1.21,1
2021-09-21,85.96,86.39,84.72,85.47,112070,-0.49,1.67,-0.57,1.95,0.84,1
2021-09-20,84.5,86.21,83.67,85.16,119043,0.66,2.54,0.78,2.98,1.27,-1
2021-09-17,86.94,88.56,84.82,86.81,500568,-0.13,3.74,-0.15,4.31,1.87,1
2021-09-16,87.99,89.1,86.48,86.7,103367,-1.29,2.62,-1.49,3.02,1.31,-1
2021-09-15,87.4,88.62,86.56,87.94,99967,0.54,2.06,0.61,2.34,1.03,1
2021-09-14,91.36,91.36,87.0,87.5,135303,-3.86,4.36,-4.41,4.98,2.18,-1
2021-09-13,89.86,91.02,88.36,90.3,254667,0.44,2.66,0.49,2.95,1.33,1
2021-09-10,91.12,92.11,88.77,89.0,136718,-2.12,3.34,-2.38,3.75,1.67,-1
2021-09-09,89.79,92.5,89.79,90.0,182127,0.21,2.71,0.23,3.01,1.35,1
2021-09-08,88.26,89.55,86.82,89.4,183308,1.14,2.73,1.28,3.05,1.37,1
2021-09-07,93.55,94.2,88.4,88.76,249005,-4.79,5.8,-5.4,6.53,2.9,-1
2021-09-03,96.35,102.09,93.96,94.15,405078,-2.2,8.13,-2.34,8.64,4.07,1
2021-09-02,93.38,94.31,90.51,93.54,238902,0.16,3.8,0.17,4.06,1.9,1
2021-09-01,90.76,93.97,90.43,92.88,175976,2.12,3.54,2.28,3.81,1.77,1
2021-08-31,92.54,93.15,90.22,90.3,93980,-2.24,2.93,-2.48,3.24,1.47,-1
2021-08-30,94.1,94.67,92.54,92.82,78469,-1.28,2.13,-1.38,2.3,1.07,-1
2021-08-27,91.5,94.69,91.5,94.1,120641,2.6,3.19,2.76,3.39,1.59,1
2021-08-26,92.83,92.83,90.25,90.8,64469,-2.03,2.58,-2.24,2.84,1.29,-1
2021-08-25,93.53,94.3,92.4,93.44,78543,-0.09,1.9,-0.1,2.03,0.95,1
2021-08-24,91.5,93.66,91.24,93.28,58811,1.78,2.43,1.91,2.6,1.21,1
2021-08-23,91.62,91.92,90.26,91.33,101901,-0.29,1.66,-0.32,1.82,0.83,1
2021-08-20,88.52,90.84,87.86,90.65,109950,2.13,2.98,2.35,3.29,1.49,1
2021-08-19,87.79,89.32,87.18,88.93,91089,1.14,2.14,1.28,2.41,1.07,-1
2021-08-18,89.34,91.72,88.8,89.19,85984,-0.15,2.91,-0.17,3.27,1.46,-1
2021-08-17,90.96,90.96,87.71,89.76,84422,-1.2,3.25,-1.34,3.62,1.62,-1
2021-08-16,91.82,92.46,90.05,92.22,49495,0.4,2.41,0.43,2.61,1.2,-1
2021-08-13,92.72,93.27,90.78,92.23,48105,-0.49,2.48,-0.53,2.69,1.24,-1
2021-08-12,94.54,95.12,92.38,92.49,118199,-2.05,2.74,-2.22,2.96,1.37,-1
2021-08-11,91.15,94.17,91.15,93.98,105610,2.83,3.02,3.01,3.21,1.51,1
2021-08-10,87.84,92.25,87.84,91.93,89755,4.09,4.41,4.45,4.8,2.2,1
2021-08-09,88.0,88.81,86.83,87.84,80981,-0.16,1.98,-0.18,2.25,0.99,-1
2021-08-06,87.44,88.95,87.4,88.21,88750,0.77,1.56,0.87,1.76,0.78,1
2021-08-05,85.63,87.39,85.53,85.91,97603,0.28,1.86,0.33,2.17,0.93,1
2021-08-04,85.81,88.01,84.82,85.14,145796,-0.67,3.19,-0.79,3.75,1.6,-1
2021-08-03,87.23,88.1,84.46,86.5,155959,-0.73,3.64,-0.84,4.21,1.82,1
2021-08-02,88.13,90.06,85.89,85.98,181008,-2.15,4.17,-2.5,4.85,2.09,-1
2021-07-30,87.24,89.14,86.23,86.93,80961,-0.31,2.91,-0.36,3.35,1.45,-1
2021-07-29,87.92,89.07,86.6,87.36,94319,-0.56,2.47,-0.64,2.83,1.23,1
2021-07-28,88.18,88.18,85.11,86.53,163848,-1.65,3.07,-1.91,3.55,1.54,-1
2021-07-27,88.52,90.08,86.76,87.03,99938,-1.49,3.31,-1.71,3.81,1.66,-1
2021-07-26,88.55,90.54,88.17,89.68,99573,1.13,2.37,1.26,2.64,1.19,1
2021-07-23,88.11,88.93,87.2,88.54,95188,0.43,1.73,0.49,1.95,0.87,1
2021-07-22,91.24,91.24,86.92,87.04,97474,-4.2,4.31,-4.83,4.96,2.16,-1
2021-07-21,91.5,93.08,90.16,90.98,113804,-0.52,2.92,-0.57,3.21,1.46,1
2021-07-20,88.0,91.2,87.7,89.92,259842,1.92,3.5,2.14,3.89,1.75,1
2021-07-19,87.65,90.04,86.48,87.29,170715,-0.36,3.56,-0.41,4.08,1.78,-1
2021-07-16,96.1,96.1,90.41,90.58,105098,-5.52,5.69,-6.09,6.28,2.84,-1
2021-07-15,99.29,100.19,93.99,94.8,105616,-4.49,6.2,-4.74,6.54,3.1,-1
2021-07-14,103.0,103.4,100.54,100.63,171738,-2.37,2.86,-2.36,2.84,1.43,-1
2021-07-13,101.75,102.96,101.13,102.5,197668,0.75,1.83,0.73,1.78,0.91,1
2021-07-12,99.3,102.04,98.89,101.9,127269,2.6,3.15,2.55,3.09,1.58,1
2021-07-09,96.4,100.76,95.66,100.55,101479,4.15,5.1,4.13,5.07,2.55,1
2021-07-08,92.52,95.94,92.33,94.85,171198,2.33,3.61,2.46,3.8,1.8,1
2021-07-07,95.14,95.66,93.34,94.7,159140,-0.44,2.32,-0.46,2.45,1.16,-1
2021-07-06,96.29,96.44,92.64,95.0,125418,-1.29,3.8,-1.36,4.0,1.9,-1
2021-07-02,98.6,98.6,96.25,96.84,60182,-1.76,2.35,-1.82,2.43,1.17,-1
2021-07-01,99.68,100.48,98.0,98.73,79411,-0.95,2.48,-0.96,2.51,1.24,-1
2021-06-30,96.22,98.84,95.9,98.84,113552,2.62,2.94,2.65,2.97,1.47,1
2021-06-29,97.41,98.39,96.38,96.81,86034,-0.6,2.01,-0.62,2.08,1.01,1
2021-06-28,97.94,99.0,96.16,96.5,117326,-1.44,2.83,-1.49,2.94,1.42,-1
2021-06-25,100.75,102.72,97.56,97.93,462042,-2.82,5.16,-2.88,5.27,2.58,-1
2021-06-24,97.51,100.28,95.01,100.2,217133,2.69,5.27,2.68,5.26,2.63,1
2021-06-23,99.96,100.5,98.24,99.35,293919,-0.61,2.26,-0.61,2.27,1.13,-1
2021-06-22,98.91,101.54,97.68,99.8,320169,0.89,3.86,0.89,3.87,1.93,-1
2021-06-21,98.64,101.14,97.38,100.0,102263,1.36,3.77,1.36,3.76,1.88,1
2021-06-18,98.8,100.11,97.22,97.48,134929,-1.32,2.89,-1.35,2.96,1.45,-1
2021-06-17,103.18,103.18,99.03,100.47,83301,-2.71,4.15,-2.7,4.13,2.08,-1
2021-06-16,104.03,104.53,100.6,103.29,81108,-0.74,3.93,-0.72,3.8,1.97,1
2021-06-15,103.4,103.54,101.23,103.09,115372,-0.31,2.31,-0.3,2.24,1.16,-1
2021-06-14,106.08,108.08,102.34,103.36,121796,-2.72,5.74,-2.63,5.55,2.87,-1
2021-06-11,107.05,108.23,104.3,106.08,117083,-0.97,3.93,-0.91,3.7,1.96,-1
2021-06-10,107.14,114.47,106.02,106.1,394231,-1.04,8.45,-0.98,7.96,4.23,1
2021-06-09,98.14,98.3,95.5,98.1,125428,-0.04,2.8,-0.04,2.85,1.4,1
2021-06-08,96.34,98.4,94.48,97.79,72600,1.45,3.92,1.48,4.01,1.96,1
2021-06-07,95.26,97.18,95.09,96.59,47514,1.33,2.08,1.38,2.16,1.04,1
2021-06-04,95.58,95.58,92.08,94.6,47442,-0.98,3.5,-1.04,3.7,1.75,-1
2021-06-03,94.72,95.19,92.62,95.07,77691,0.35,2.57,0.37,2.7,1.28,1
2021-06-02,96.9,96.9,93.22,94.84,135948,-2.06,3.68,-2.17,3.88,1.84,-1
2021-06-01,96.39,97.2,95.69,96.63,78236,0.24,1.51,0.25,1.56,0.76,1
2021-05-28,96.99,96.99,93.44,95.75,40369,-1.24,3.55,-1.3,3.7,1.77,-1
2021-05-27,96.34,97.23,95.29,96.39,57817,0.05,1.94,0.05,2.01,0.97,1
2021-05-26,92.39,96.31,92.24,95.14,64967,2.75,4.06,2.89,4.27,2.03,1
2021-05-25,93.06,94.49,91.47,91.59,115092,-1.47,3.02,-1.6,3.3,1.51,-1
2021-05-24,92.2,93.14,91.48,92.92,53763,0.72,1.66,0.77,1.79,0.83,1
2021-05-21,92.69,92.69,91.09,91.78,41469,-0.91,1.6,-0.99,1.74,0.8,1
2021-05-20,90.33,91.94,88.2,91.7,54259,1.37,3.74,1.49,4.08,1.87,1
2021-05-19,92.35,92.35,89.52,90.92,35429,-1.43,2.83,-1.57,3.11,1.41,-1
2021-05-18,95.72,96.67,93.19,93.59,100095,-2.13,3.48,-2.28,3.72,1.74,-1
2021-05-17,93.23,96.12,92.37,95.64,37239,2.41,3.75,2.52,3.92,1.88,1
2021-05-14,91.48,94.49,91.48,94.38,38467,2.9,3.01,3.07,3.19,1.5,1
2021-05-13,87.43,91.75,87.43,90.73,95060,3.3,4.32,3.64,4.76,2.16,1
2021-05-12,91.77,92.5,86.04,86.82,140169,-4.95,6.46,-5.7,7.44,3.23,-1
2021-05-11,90.44,92.7,89.27,92.52,89661,2.08,3.43,2.25,3.7,1.71,1
2021-05-10,95.07,95.1,92.19,92.26,65022,-2.81,2.91,-3.05,3.15,1.45,-1
2021-05-07,94.9,96.87,94.01,94.79,97231,-0.11,2.86,-0.12,3.02,1.43,-1
2021-05-06,94.74,95.14,92.83,95.12,78404,0.38,2.31,0.4,2.43,1.16,1
2021-05-05,93.85,94.78,93.39,94.35,91200,0.5,1.39,0.53,1.47,0.7,1
2021-05-04,91.93,94.1,91.04,94.08,90500,2.15,3.06,2.29,3.25,1.53,1
2021-05-03,92.43,93.81,91.6,92.79,124467,0.36,2.21,0.39,2.38,1.11,1
2021-04-30,92.05,93.17,90.77,91.23,70152,-0.82,2.4,-0.9,2.63,1.2,-1
2021-04-29,94.59,95.18,92.79,92.91,57369,-1.68,2.38,-1.81,2.57,1.19,-1
2021-04-28,93.61,94.46,92.79,93.24,76489,-0.37,1.67,-0.4,1.79,0.83,-1
2021-04-27,90.65,94.76,90.14,93.98,200642,3.33,4.62,3.54,4.92,2.31,1
2021-04-26,90.64,91.05,89.55,90.08,92498,-0.56,1.5,-0.62,1.67,0.75,1
2021-04-23,88.59,90.56,87.98,89.99,91673,1.4,2.59,1.56,2.87,1.29,1
2021-04-22,88.7,90.39,87.85,88.07,94208,-0.63,2.54,-0.72,2.88,1.27,-1
2021-04-21,85.64,88.94,85.64,88.4,120679,2.76,3.3,3.12,3.74,1.65,1
2021-04-20,85.83,86.99,83.36,85.2,253645,-0.63,3.63,-0.74,4.26,1.81,-1
2021-04-19,88.84,88.84,85.56,86.01,77358,-2.83,3.28,-3.29,3.81,1.64,-1
2021-04-16,88.64,89.49,87.81,88.88,38334,0.24,1.68,0.27,1.89,0.84,1
2021-04-15,89.05,89.05,87.21,87.91,48366,-1.14,1.84,-1.3,2.09,0.92,-1
2021-04-14,89.23,90.88,88.36,88.62,60575,-0.61,2.52,-0.69,2.84,1.26,-1
2021-04-13,90.83,90.83,87.16,89.58,100514,-1.25,3.67,-1.4,4.1,1.84,-1
2021-04-12,87.49,90.93,87.49,90.46,80452,2.97,3.44,3.28,3.8,1.72,1
2021-04-09,86.76,88.4,85.64,88.3,161545,1.54,2.76,1.74,3.13,1.38,1
2021-04-08,86.4,86.59,84.88,86.33,165254,-0.07,1.71,-0.08,1.98,0.86,1
2021-04-07,87.79,88.24,85.85,86.13,67344,-1.66,2.39,-1.93,2.77,1.2,-1
2021-04-06,87.83,88.62,86.94,87.84,55313,0.01,1.68,0.01,1.91,0.84,1
2021-04-05,86.9,87.94,84.76,87.44,54921,0.54,3.18,0.62,3.64,1.59,1
2021-04-01,87.85,87.85,84.88,85.57,61660,-2.28,2.97,-2.66,3.48,1.49,-1
2021-03-31,86.15,87.98,85.01,87.42,137494,1.27,2.97,1.45,3.4,1.48,1
2021-03-30,84.19,86.62,83.7,86.14,103669,1.95,2.92,2.26,3.4,1.46,1
2021-03-29,88.55,88.84,83.76,83.92,106935,-4.63,5.08,-5.52,6.06,2.54,-1
2021-03-26,87.12,89.08,85.2,88.39,153082,1.27,3.89,1.44,4.4,1.94,1
2021-03-25,79.48,83.55,77.6,82.64,164070,3.16,5.94,3.82,7.19,2.97,1
2021-03-24,83.31,84.4,80.52,80.65,89160,-2.66,3.88,-3.3,4.81,1.94,-1
2021-03-23,85.08,85.81,80.4,81.43,141763,-3.65,5.41,-4.48,6.64,2.7,-1
2021-03-22,88.5,88.5,85.51,86.38,81920,-2.12,2.99,-2.45,3.46,1.49,-1
2021-03-19,88.11,89.22,85.34,88.18,301383,0.07,3.88,0.08,4.4,1.94,1
2021-03-18,88.98,90.83,87.51,88.08,126472,-0.9,3.32,-1.02,3.77,1.66,-1
2021-03-17,90.92,91.15,88.96,89.25,112937,-1.67,2.19,-1.87,2.45,1.1,-1
2021-03-16,93.68,93.68,90.86,91.44,66357,-2.24,2.82,-2.45,3.08,1.41,-1
2021-03-15,92.2,94.72,92.2,94.12,76617,1.92,2.52,2.04,2.68,1.26,1
2021-03-12,90.45,93.48,90.16,93.21,78338,2.76,3.33,2.96,3.57,1.66,1
2021-03-11,88.96,90.24,88.39,89.88,136629,0.92,1.85,1.02,2.06,0.92,1
2021-03-10,87.96,90.03,86.78,88.0,89717,0.04,3.25,0.05,3.7,1.63,1
2021-03-09,86.82,89.01,86.33,87.47,95004,0.65,2.68,0.74,3.06,1.34,1
2021-03-08,81.39,86.04,80.95,85.76,80038,4.37,5.09,5.1,5.94,2.55,1
2021-03-05,80.53,80.6,77.85,80.38,79530,-0.15,2.76,-0.19,3.43,1.38,1
2021-03-04,81.21,81.24,77.53,78.91,81338,-2.3,3.71,-2.91,4.7,1.85,-1
2021-03-03,80.49,82.86,79.5,81.29,77600,0.8,3.36,0.98,4.13,1.68,1
2021-03-02,79.43,80.12,78.52,79.53,60191,0.1,1.6,0.13,2.01,0.8,1
2021-03-01,78.35,80.12,78.35,79.25,55902,0.9,1.77,1.14,2.23,0.89,1
2021-02-26,76.49,77.49,73.47,76.24,117778,-0.25,4.02,-0.33,5.27,2.01,-1
2021-02-25,80.65,80.74,76.11,76.26,125916,-4.39,4.63,-5.76,6.07,2.31,-1
2021-02-24,77.69,80.21,77.69,79.97,61619,2.28,2.52,2.85,3.15,1.26,1
2021-02-23,76.05,77.27,74.41,76.94,55014,0.89,2.86,1.16,3.72,1.43,1
2021-02-22,74.05,77.15,74.05,76.58,88287,2.53,3.1,3.3,4.05,1.55,1
2021-02-19,72.74,74.84,72.23,74.7,47419,1.96,2.61,2.62,3.49,1.3,1
2021-02-18,73.72,73.72,70.9,72.42,55900,-1.3,2.82,-1.8,3.89,1.41,-1
2021-02-17,74.52,75.45,72.84,74.41,40036,-0.11,2.61,-0.15,3.51,1.3,-1
2021-02-16,76.55,77.17,75.41,75.51,75740,-1.04,1.76,-1.38,2.33,0.88,-1
2021-02-12,74.8,75.81,73.29,75.8,74805,1.0,2.52,1.32,3.32,1.26,1
2021-02-11,72.88,75.28,72.72,75.21,87240,2.33,2.56,3.1,3.41,1.28,1
2021-02-10,74.34,74.44,71.82,72.45,100846,-1.89,2.62,-2.61,3.62,1.31,-1
2021-02-09,72.29,74.94,72.29,73.28,91330,0.99,2.65,1.35,3.62,1.32,1
2021-02-08,70.61,72.92,70.6,72.52,65787,1.91,2.32,2.63,3.2,1.16,1
2021-02-05,70.0,70.34,68.9,70.11,69612,0.11,1.45,0.16,2.06,0.72,1
2021-02-04,66.08,70.0,65.97,69.55,142608,3.47,4.03,4.99,5.79,2.02,1
2021-02-03,64.67,66.36,64.04,65.86,92261,1.19,2.32,1.81,3.52,1.16,1
2021-02-02,65.42,65.7,64.22,64.82,77860,-0.6,1.48,-0.93,2.28,0.74,1
2021-02-01,65.78,66.38,63.77,64.38,93769,-1.4,2.61,-2.17,4.05,1.3,-1
2021-01-29,67.71,68.6,65.17,65.24,104606,-2.47,3.43,-3.79,5.26,1.71,-1
2021-01-28,69.47,69.57,67.3,67.71,84385,-1.76,2.27,-2.6,3.35,1.13,-1
2021-01-27,67.88,70.21,67.35,68.75,107159,0.87,2.86,1.27,4.16,1.43,-1
2021-01-26,73.0,73.0,69.06,69.58,102151,-3.42,3.94,-4.92,5.66,1.97,-1
2021-01-25,70.48,73.05,70.48,72.34,67600,1.86,2.57,2.57,3.55,1.28,1
2021-01-22,69.98,71.37,69.98,71.29,116134,1.31,1.39,1.84,1.95,0.7,-1
2021-01-21,73.28,73.81,71.19,71.29,67330,-1.99,2.62,-2.79,3.68,1.31,-1
2021-01-20,71.2,73.41,71.2,72.8,76759,1.6,2.21,2.2,3.04,1.1,1
2021-01-19,71.64,72.75,70.68,70.9,129799,-0.74,2.07,-1.04,2.92,1.04,-1
2021-01-15,70.61,72.44,69.56,71.4,117162,0.79,2.88,1.11,4.03,1.44,-1
2021-01-14,72.28,74.0,71.24,71.82,96987,-0.46,2.76,-0.64,3.84,1.38,-1
2021-01-13,74.31,74.92,71.55,72.31,91356,-2.0,3.37,-2.77,4.66,1.69,-1
2021-01-12,73.06,74.72,72.78,74.63,114585,1.57,1.94,2.1,2.6,0.97,1
2021-01-11,67.0,71.83,67.0,71.78,82577,4.78,4.83,6.66,6.73,2.41,1
2021-01-08,70.73,70.73,67.66,68.47,62281,-2.26,3.07,-3.3,4.48,1.54,-1
2021-01-07,69.87,71.68,69.6,70.32,113238,0.45,2.08,0.64,2.96,1.04,1
2021-01-06,65.7,69.78,65.7,69.64,187714,3.94,4.08,5.66,5.86,2.04,1
2021-01-05,63.02,64.78,62.57,64.68,100539,1.66,2.21,2.57,3.42,1.11,1
2021-01-04,66.27,66.34,62.6,62.9,164206,-3.37,3.74,-5.36,5.95,1.87,-1
2020-12-31,67.02,67.1,65.3,65.51,132052,-1.51,1.8,-2.3,2.75,0.9,-1
2020-12-30,65.0,67.41,64.94,66.6,83475,1.6,2.47,2.4,3.71,1.23,1
2020-12-29,64.34,65.25,63.85,64.97,108226,0.63,1.4,0.97,2.15,0.7,1
2020-12-28,63.9,65.08,63.47,64.38,120355,0.48,1.61,0.75,2.5,0.8,1
2020-12-24,63.89,63.89,62.42,63.0,45107,-0.89,1.47,-1.41,2.33,0.73,-1
2020-12-23,62.9,63.97,62.35,63.43,122291,0.53,1.62,0.84,2.55,0.81,1
2020-12-22,62.01,63.02,60.95,62.68,96474,0.67,2.07,1.07,3.3,1.04,1
2020-12-21,59.7,62.54,59.7,61.7,127705,2.0,2.84,3.24,4.6,1.42,1
2020-12-18,58.78,61.6,58.78,61.28,457767,2.5,2.82,4.08,4.6,1.41,1
2020-12-17,57.98,59.67,57.0,58.97,117241,0.99,2.67,1.68,4.53,1.34,1
2020-12-16,57.84,58.77,57.31,57.9,120593,0.06,1.46,0.1,2.52,0.73,1
2020-12-15,56.1,58.09,55.52,57.84,92217,1.74,2.57,3.01,4.44,1.28,1
2020-12-14,55.79,56.2,54.71,55.54,144387,-0.25,1.49,-0.45,2.68,0.75,1
2020-12-11,57.14,57.86,54.67,55.11,309300,-2.03,3.19,-3.68,5.79,1.59,-1
2020-12-10,64.05,64.05,56.73,57.55,261017,-6.5,7.32,-11.29,12.72,3.66,-1
2020-12-09,62.5,63.17,60.0,60.0,268006,-2.5,3.17,-4.17,5.28,1.59,-1
2020-12-08,61.38,62.59,60.88,61.62,121513,0.24,1.71,0.39,2.77,0.85,-1
2020-12-07,61.83,62.5,60.61,62.25,257072,0.42,1.9,0.67,3.04,0.95,-1
2020-12-04,60.38,62.4,60.33,62.32,207219,1.94,2.07,3.11,3.32,1.04,1
2020-12-03,58.22,60.92,57.71,59.65,160363,1.43,3.2,2.4,5.37,1.6,1
2020-12-02,57.28,58.56,56.54,58.22,109611,0.94,2.03,1.61,3.48,1.01,1
2020-12-01,56.61,57.85,55.7,57.45,184803,0.84,2.15,1.46,3.74,1.07,1
2020-11-30,55.6,56.18,53.62,55.79,159100,0.19,2.56,0.34,4.59,1.28,-1
2020-11-27,57.27,58.0,55.88,55.96,82477,-1.31,2.12,-2.34,3.79,1.06,-1
2020-11-25,59.5,59.59,56.97,57.55,128249,-1.95,2.62,-3.39,4.55,1.31,-1
2020-11-24,58.49,61.47,58.04,59.91,169164,1.42,3.43,2.37,5.73,1.72,1
2020-11-23,54.99,57.16,54.55,57.03,194207,2.04,2.61,3.58,4.58,1.3,1
2020-11-20,55.62,56.37,52.6,54.19,247481,-1.43,3.77,-2.64,6.96,1.88,-1
2020-11-19,56.09,57.51,55.36,56.18,133350,0.09,2.16,0.16,3.84,1.08,-1
2020-11-18,55.54,58.17,54.99,56.4,184490,0.86,3.18,1.52,5.64,1.59,1
2020-11-17,49.06,54.94,48.78,54.85,189265,5.79,6.16,10.56,11.23,3.08,1
2020-11-16,48.43,50.1,48.43,49.72,226448,1.29,1.67,2.59,3.36,0.84,1
2020-11-13,44.06,47.2,44.06,46.89,112917,2.83,3.14,6.04,6.7,1.57,1
2020-11-12,46.17,46.17,42.45,43.42,150615,-2.75,3.72,-6.33,8.57,1.86,-1
2020-11-11,51.34,51.55,46.97,47.1,228211,-4.24,4.58,-9.0,9.72,2.29,-1
2020-11-10,50.77,52.55,50.61,51.26,201333,0.49,1.94,0.96,3.78,0.97,1
2020-11-09,44.16,51.33,43.91,50.25,223515,6.09,7.42,12.12,14.77,3.71,1
2020-11-06,42.43,42.52,40.12,40.29,67284,-2.14,2.4,-5.31,5.96,1.2,-1
2020-11-05,41.5,42.68,41.47,42.03,90244,0.53,1.21,1.26,2.88,0.61,1
2020-11-04,42.7,43.17,41.14,41.31,112770,-1.39,2.03,-3.36,4.91,1.02,-1
2020-11-03,41.89,43.78,41.7,43.6,94540,1.71,2.08,3.92,4.76,1.04,1
2020-11-02,41.99,42.16,40.64,40.91,118583,-1.08,1.52,-2.64,3.72,0.76,-1
2020-10-30,43.55,43.94,40.77,41.17,167039,-2.38,3.17,-5.78,7.7,1.58,-1
2020-10-29,41.82,43.82,41.39,43.75,96850,1.93,2.43,4.41,5.55,1.21,1
2020-10-28,43.56,43.94,41.71,42.12,120244,-1.44,2.23,-3.42,5.29,1.11,-1
2020-10-27,45.07,45.59,44.62,44.64,71017,-0.43,0.97,-0.96,2.17,0.49,-1
2020-10-26,45.64,45.92,43.94,45.09,85943,-0.55,1.98,-1.22,4.4,0.99,-1
2020-10-23,45.74,46.66,45.68,46.32,84234,0.58,0.98,1.25,2.13,0.49,1
2020-10-22,43.72,45.4,43.34,45.31,100660,1.59,2.06,3.51,4.55,1.03,1
2020-10-21,42.61,43.72,41.58,43.63,124126,1.02,2.14,2.34,4.9,1.07,1
2020-10-20,42.95,43.91,42.68,42.74,69144,-0.21,1.23,-0.49,2.88,0.61,1
2020-10-19,44.2,44.25,42.52,42.61,76332,-1.59,1.73,-3.73,4.06,0.86,-1
2020-10-16,44.25,44.61,43.37,43.88,66137,-0.37,1.24,-0.84,2.83,0.62,-1
2020-10-15,42.83,44.46,42.83,44.31,128664,1.48,1.63,3.34,3.68,0.82,1
2020-10-14,44.32,44.51,43.43,43.92,167579,-0.4,1.08,-0.91,2.46,0.54,-1
2020-10-13,43.86,44.45,43.05,44.01,86235,0.15,1.4,0.34,3.18,0.7,-1
2020-10-12,44.66,45.19,44.03,44.56,57730,-0.1,1.16,-0.22,2.6,0.58,-1
2020-10-09,45.87,45.94,44.52,44.73,75456,-1.14,1.42,-2.55,3.17,0.71,-1
2020-10-08,44.03,45.58,43.7,45.5,106508,1.47,1.88,3.23,4.12,0.94,1
2020-10-07,44.63,44.84,43.22,43.5,163663,-1.13,1.62,-2.6,3.72,0.81,-1
2020-10-06,44.89,45.82,43.75,43.93,125288,-0.96,2.07,-2.19,4.71,1.04,-1
2020-10-05,43.07,44.39,42.93,44.35,161902,1.28,1.46,2.89,3.29,0.73,1
2020-10-02,40.66,43.22,40.66,42.88,153391,2.22,2.56,5.18,5.97,1.28,1
2020-10-01,40.31,42.08,40.31,42.02,156558,1.71,1.77,4.07,4.21,0.88,1
2020-09-30,39.57,41.13,39.57,40.36,170014,0.79,1.56,1.96,3.87,0.78,1
2020-09-29,40.04,40.1,38.59,39.61,201208,-0.43,1.51,-1.09,3.81,0.75,-1
2020-09-28,38.83,40.57,38.83,40.07,139549,1.24,1.74,3.09,4.34,0.87,1
2020-09-25,38.51,39.18,37.89,38.23,174968,-0.28,1.29,-0.73,3.37,0.64,-1
2020-09-24,40.45,40.45,38.22,38.98,154720,-1.47,2.23,-3.77,5.71,1.11,-1
2020-09-23,40.93,42.05,40.34,40.38,169315,-0.55,1.71,-1.36,4.23,0.85,-1
2020-09-22,41.35,42.11,40.42,40.64,160580,-0.71,1.69,-1.75,4.16,0.85,-1
2020-09-21,42.96,42.96,41.1,41.35,155824,-1.61,1.86,-3.89,4.5,0.93,-1
2020-09-18,46.82,46.82,43.88,44.03,334403,-2.79,2.94,-6.34,6.69,1.47,-1
2020-09-17,47.9,48.19,46.04,46.44,108749,-1.46,2.15,-3.14,4.63,1.07,-1
2020-09-16,47.81,49.79,47.81,48.17,235013,0.36,1.98,0.75,4.11,0.99,1
2020-09-15,48.25,48.49,46.92,47.07,133755,-1.18,1.57,-2.51,3.34,0.79,-1
2020-09-14,47.93,48.94,46.79,47.82,269898,-0.11,2.15,-0.23,4.5,1.07,1
2020-09-11,46.87,47.8,46.47,47.66,136946,0.79,1.33,1.66,2.79,0.66,1
2020-09-10,45.96,46.83,45.6,46.36,122082,0.4,1.23,0.86,2.65,0.61,1
2020-09-09,46.1,46.12,43.8,45.57,157940,-0.53,2.31,-1.16,5.08,1.16,-1
2020-09-08,44.24,46.87,44.0,45.9,201615,1.66,2.87,3.62,6.25,1.43,1
2020-09-04,46.5,47.92,42.2,45.01,677939,-1.49,5.72,-3.31,12.71,2.86,-1
2020-09-03,52.91,54.49,52.12,52.54,175581,-0.37,2.38,-0.7,4.52,1.19,-1
2020-09-02,51.51,52.82,51.5,52.76,163311,1.25,1.32,2.37,2.5,0.66,1
2020-09-01,49.07,51.26,48.82,51.25,63945,2.18,2.45,4.25,4.77,1.22,1
2020-08-31,50.55,50.6,48.57,49.53,217114,-1.02,2.02,-2.06,4.09,1.01,-1
2020-08-28,50.78,50.78,49.05,50.28,110321,-0.5,1.73,-0.99,3.44,0.87,1
2020-08-27,48.06,50.37,48.06,50.11,116087,2.05,2.31,4.09,4.61,1.15,1
2020-08-26,47.93,48.53,47.28,47.63,91234,-0.3,1.26,-0.63,2.63,0.63,-1
2020-08-25,48.68,49.04,47.21,47.89,107683,-0.79,1.84,-1.65,3.83,0.92,-1
2020-08-24,46.45,48.44,45.86,48.41,113480,1.96,2.58,4.05,5.33,1.29,1
2020-08-21,44.84,45.93,44.59,45.84,138127,1.0,1.34,2.18,2.92,0.67,1
2020-08-20,44.8,45.31,44.08,44.78,83886,-0.02,1.23,-0.04,2.75,0.62,-1
2020-08-19,44.75,46.13,44.61,45.39,145805,0.64,1.52,1.41,3.35,0.76,1
2020-08-18,47.22,47.22,44.35,44.69,172953,-2.53,2.87,-5.66,6.42,1.43,-1
2020-08-17,48.81,48.81,46.95,47.38,133052,-1.43,1.86,-3.02,3.93,0.93,-1
2020-08-14,47.6,49.22,47.39,48.39,91083,0.79,1.83,1.63,3.77,0.91,1
2020-08-13,48.25,48.81,47.53,47.9,73322,-0.35,1.28,-0.73,2.67,0.64,-1
2020-08-12,49.0,49.28,48.0,48.84,96507,-0.16,1.28,-0.33,2.62,0.64,1
2020-08-11,48.7,49.58,48.05,48.13,135825,-0.57,1.53,-1.18,3.18,0.77,1
2020-08-10,46.05,48.9,46.05,47.96,130808,1.91,2.85,3.98,5.94,1.43,1
2020-08-07,43.57,46.03,43.42,45.99,117799,2.42,2.62,5.26,5.69,1.31,1
2020-08-06,45.82,45.82,43.67,43.9,103393,-1.92,2.15,-4.37,4.9,1.07,-1
2020-08-05,44.21,46.28,43.86,45.87,119455,1.66,2.42,3.62,5.28,1.21,1
2020-08-04,42.75,44.03,42.45,43.93,143972,1.18,1.58,2.69,3.6,0.79,1
2020-08-03,42.94,43.2,41.57,42.92,170356,-0.02,1.63,-0.05,3.81,0.82,-1
2020-07-31,43.74,43.74,42.26,42.94,94086,-0.8,1.48,-1.86,3.45,0.74,-1
2020-07-30,44.58,45.0,43.56,44.12,59341,-0.46,1.44,-1.04,3.26,0.72,-1
2020-07-29,44.96,45.97,44.72,45.41,80497,0.45,1.25,0.99,2.75,0.62,1
2020-07-28,43.5,45.3,43.5,44.78,78316,1.28,1.8,2.86,4.02,0.9,1
2020-07-27,43.21,44.02,42.61,43.72,126482,0.51,1.41,1.17,3.23,0.71,1
2020-07-24,44.16,44.51,43.23,43.35,66580,-0.81,1.28,-1.87,2.95,0.64,-1
2020-07-23,43.5,45.0,43.37,44.14,77133,0.64,1.63,1.45,3.69,0.82,1
2020-07-22,43.74,43.9,43.11,43.52,62365,-0.22,0.79,-0.51,1.82,0.39,-1
2020-07-21,41.72,43.78,41.72,43.74,115078,2.02,2.06,4.62,4.71,1.03,1
2020-07-20,42.8,43.15,41.5,41.52,124581,-1.28,1.65,-3.08,3.97,0.82,-1
2020-07-17,44.75,45.23,43.18,43.22,173796,-1.53,2.05,-3.54,4.74,1.02,-1
2020-07-16,45.34,45.81,44.54,44.69,217467,-0.65,1.27,-1.45,2.84,0.64,-1
2020-07-15,44.47,46.51,43.77,46.26,292480,1.79,2.74,3.87,5.92,1.37,1
2020-07-14,43.39,43.47,42.13,42.96,189649,-0.43,1.34,-1.0,3.12,0.67,-1
2020-07-13,41.86,44.07,41.58,43.39,206533,1.53,2.49,3.53,5.74,1.25,1
2020-07-10,42.64,43.06,41.58,41.94,137961,-0.7,1.48,-1.67,3.53,0.74,-1
2020-07-09,42.29,43.11,41.25,42.45,239213,0.16,1.86,0.38,4.38,0.93,-1
2020-07-08,41.78,42.72,41.45,42.7,331530,0.92,1.27,2.15,2.97,0.63,1
2020-07-07,42.87,42.87,41.26,42.01,201683,-0.86,1.61,-2.05,3.83,0.8,-1
2020-07-06,44.62,44.77,42.17,43.6,170648,-1.02,2.6,-2.34,5.96,1.3,1
2020-07-02,43.77,44.14,42.48,43.55,146038,-0.22,1.66,-0.51,3.81,0.83,1
2020-07-01,44.19,45.6,42.15,42.41,157459,-1.78,3.45,-4.2,8.13,1.73,-1
2020-06-30,42.45,44.15,41.84,44.01,225273,1.56,2.31,3.54,5.25,1.15,1
2020-06-29,40.06,42.88,39.95,42.86,182259,2.8,2.93,6.53,6.84,1.46,1
2020-06-26,40.3,40.3,38.59,39.62,335262,-0.68,1.71,-1.72,4.32,0.85,-1
2020-06-25,40.91,41.26,39.19,40.39,114211,-0.52,2.07,-1.29,5.13,1.04,-1
2020-06-24,41.97,41.97,40.33,41.22,122117,-0.75,1.64,-1.82,3.98,0.82,-1
2020-06-23,43.81,43.81,41.63,42.52,181693,-1.29,2.18,-3.03,5.13,1.09,-1
2020-06-22,42.48,43.25,41.64,42.83,154090,0.35,1.61,0.82,3.76,0.8,-1
2020-06-19,45.13,45.13,42.62,42.92,279777,-2.21,2.51,-5.15,5.85,1.26,-1
2020-06-18,44.01,46.09,43.85,44.38,344081,0.37,2.24,0.83,5.05,1.12,-1
2020-06-17,44.78,45.83,43.56,44.79,240526,0.01,2.27,0.02,5.07,1.13,-1
2020-06-16,45.17,47.5,44.56,44.96,294194,-0.21,2.94,-0.47,6.54,1.47,1
2020-06-15,43.7,44.48,41.91,42.81,305146,-0.89,2.57,-2.08,6.0,1.28,-1
2020-06-12,45.48,46.46,43.6,46.01,227011,0.53,2.86,1.15,6.22,1.43,1
2020-06-11,46.54,47.03,43.29,43.6,605602,-2.94,3.74,-6.74,8.58,1.87,-1
2020-06-10,54.43,54.56,51.25,51.71,271690,-2.72,3.31,-5.26,6.4,1.66,-1
2020-06-09,56.0,56.05,52.61,55.03,229619,-0.97,3.44,-1.76,6.25,1.72,-1
2020-06-08,57.74,58.71,56.39,57.06,343161,-0.68,2.32,-1.19,4.07,1.16,1
2020-06-05,55.0,57.55,54.25,55.57,201442,0.57,3.3,1.03,5.94,1.65,1
2020-06-04,50.24,51.7,49.21,51.58,206408,1.34,2.49,2.6,4.83,1.25,1
2020-06-03,48.74,51.59,48.07,50.41,323938,1.67,3.52,3.31,6.98,1.76,1
2020-06-02,43.6,47.59,43.17,47.28,158722,3.68,4.42,7.78,9.35,2.21,1
2020-06-01,42.91,44.26,42.84,43.11,304181,0.2,1.42,0.46,3.29,0.71,1
2020-05-29,44.15,44.28,42.19,42.62,183688,-1.53,2.09,-3.59,4.9,1.05,-1
2020-05-28,46.42,47.54,44.49,44.49,196745,-1.93,3.05,-4.34,6.86,1.52,-1
2020-05-27,45.4,46.22,44.76,45.66,313423,0.26,1.46,0.57,3.2,0.73,1
2020-05-26,41.11,44.02,41.11,43.59,207162,2.48,2.91,5.69,6.68,1.46,1
2020-05-22,40.54,40.54,38.58,39.41,109353,-1.13,1.96,-2.87,4.97,0.98,-1
2020-05-21,38.6,40.8,38.6,39.93,296756,1.33,2.2,3.33,5.51,1.1,1
2020-05-20,39.2,40.01,38.41,38.82,168560,-0.38,1.6,-0.98,4.12,0.8,1
2020-05-19,39.92,40.28,38.25,38.26,163252,-1.66,2.03,-4.34,5.31,1.02,-1
2020-05-18,39.4,40.78,38.65,39.89,181486,0.49,2.13,1.23,5.34,1.07,1
2020-05-15,37.24,37.62,36.23,37.16,169859,-0.08,1.39,-0.22,3.74,0.7,-1
2020-05-14,35.27,37.36,33.87,37.27,135007,2.0,3.49,5.37,9.36,1.75,1
2020-05-13,36.78,36.99,35.37,36.2,131206,-0.58,1.62,-1.6,4.48,0.81,-1
2020-05-12,39.46,39.82,37.35,37.39,103942,-2.07,2.47,-5.54,6.61,1.23,-1
2020-05-11,40.54,40.73,38.1,39.24,135910,-1.3,2.63,-3.31,6.7,1.31,-1
2020-05-08,40.11,41.45,39.63,41.33,80266,1.22,1.82,2.95,4.4,0.91,1
2020-05-07,39.52,40.78,38.88,39.2,87708,-0.32,1.9,-0.82,4.85,0.95,1
2020-05-06,40.35,40.49,38.55,38.72,182395,-1.63,1.94,-4.21,5.01,0.97,-1
2020-05-05,41.0,42.06,40.05,40.07,117248,-0.93,2.01,-2.32,5.02,1.01,1
2020-05-04,39.69,41.14,39.17,39.88,131024,0.19,1.97,0.48,4.94,0.98,-1
2020-05-01,40.42,41.15,39.38,41.07,106433,0.65,1.77,1.58,4.31,0.88,-1
2020-04-30,46.43,46.43,41.76,41.92,186444,-4.51,4.67,-10.76,11.14,2.34,-1
2020-04-29,45.63,50.13,45.26,47.61,260798,1.98,4.87,4.16,10.23,2.44,1
2020-04-28,41.87,44.24,41.7,44.1,231194,2.23,2.54,5.06,5.76,1.27,1
2020-04-27,37.56,40.99,37.26,40.24,123858,2.68,3.73,6.66,9.27,1.87,1
2020-04-24,36.53,37.55,36.27,37.12,60038,0.59,1.28,1.59,3.45,0.64,1
2020-04-23,35.42,36.9,35.18,36.32,104182,0.9,1.72,2.48,4.74,0.86,1
2020-04-22,37.23,37.75,35.46,35.58,122298,-1.65,2.29,-4.64,6.44,1.14,-1
2020-04-21,36.8,38.01,36.16,36.74,76616,-0.06,1.85,-0.16,5.04,0.93,-1
2020-04-20,38.18,39.26,37.4,38.26,106779,0.08,1.86,0.21,4.86,0.93,-1
2020-04-17,39.1,42.23,38.81,39.56,197067,0.46,3.42,1.16,8.65,1.71,1
2020-04-16,38.0,38.0,35.93,36.53,112353,-1.47,2.07,-4.02,5.67,1.04,-1
2020-04-15,38.69,40.73,37.99,38.42,146383,-0.27,2.74,-0.7,7.13,1.37,-1
2020-04-14,40.1,40.95,39.63,40.65,113395,0.55,1.32,1.35,3.25,0.66,1
2020-04-13,41.19,41.75,38.85,39.42,116964,-1.77,2.9,-4.49,7.36,1.45,-1
2020-04-09,40.35,43.08,40.35,41.02,153848,0.67,2.73,1.63,6.66,1.36,1
2020-04-08,38.82,39.7,38.2,39.11,122582,0.29,1.5,0.74,3.84,0.75,1
2020-04-07,38.21,43.01,37.13,37.8,242479,-0.41,5.88,-1.08,15.56,2.94,1
2020-04-06,33.08,36.68,33.08,36.51,195637,3.43,3.6,9.39,9.86,1.8,1
2020-04-03,31.86,33.45,30.5,31.82,189463,-0.04,2.95,-0.13,9.27,1.48,-1
2020-04-02,33.48,35.25,31.08,32.44,175423,-1.04,4.17,-3.21,12.85,2.09,-1
2020-04-01,35.72,35.72,32.84,33.37,138128,-2.35,2.88,-7.04,8.63,1.44,-1
2020-03-31,35.78,38.04,35.78,36.26,227492,0.48,2.26,1.32,6.23,1.13,1
2020-03-30,35.66,36.8,34.31,35.88,168255,0.22,2.49,0.61,6.94,1.24,-1
2020-03-27,37.03,39.3,34.64,36.01,236297,-1.02,4.66,-2.83,12.94,2.33,-1
2020-03-26,37.69,41.97,37.03,40.35,290036,2.66,4.94,6.59,12.24,2.47,1
2020-03-25,37.04,39.65,35.86,37.54,162892,0.5,3.79,1.33,10.1,1.89,1
2020-03-24,34.25,37.36,34.25,37.33,150612,3.08,3.11,8.25,8.33,1.55,1
2020-03-23,34.12,34.67,31.79,33.25,186498,-0.87,2.88,-2.62,8.66,1.44,-1
2020-03-20,31.99,36.05,31.69,33.98,275006,1.99,4.36,5.86,12.83,2.18,1
2020-03-19,31.4,34.19,30.37,31.56,264861,0.16,3.82,0.51,12.1,1.91,-1
2020-03-18,33.68,35.79,30.67,31.82,292886,-1.86,5.12,-5.85,16.09,2.56,-1
2020-03-17,39.89,40.78,34.4,35.48,287013,-4.41,6.38,-12.43,17.98,3.19,-1
2020-03-16,40.15,41.79,37.66,38.97,243530,-1.18,4.13,-3.03,10.6,2.07,-1
2020-03-13,46.91,48.41,44.65,45.35,210711,-1.56,3.76,-3.44,8.29,1.88,1
2020-03-12,46.74,48.4,44.66,44.73,201025,-2.01,3.74,-4.49,8.36,1.87,-1
2020-03-11,53.8,54.11,49.69,50.03,160261,-3.77,4.42,-7.54,8.83,2.21,-1
2020-03-10,56.31,56.69,53.35,55.23,158039,-1.08,3.34,-1.96,6.05,1.67,1
2020-03-09,54.34,55.98,54.1,54.73,137572,0.39,1.88,0.71,3.44,0.94,-1
2020-03-06,56.09,58.64,56.09,57.81,257673,1.72,2.55,2.98,4.41,1.27,1
2020-03-05,58.91,59.28,57.32,57.79,161744,-1.12,1.96,-1.94,3.39,0.98,-1
2020-03-04,60.09,60.84,59.5,60.25,139980,0.16,1.34,0.27,2.22,0.67,1
2020-03-03,60.75,62.1,58.94,59.41,131019,-1.34,3.16,-2.26,5.32,1.58,-1
2020-03-02,60.86,60.86,59.26,60.67,140269,-0.19,1.6,-0.31,2.64,0.8,1
2020-02-28,58.81,62.3,58.21,60.39,195499,1.58,4.09,2.62,6.77,2.04,-1
2020-02-27,61.29,63.7,60.55,60.81,147907,-0.48,3.15,-0.79,5.18,1.58,-1
2020-02-26,63.16,64.2,62.05,62.19,115774,-0.97,2.15,-1.56,3.46,1.08,-1
2020-02-25,65.44,65.45,62.44,62.7,140149,-2.74,3.01,-4.37,4.8,1.51,-1
2020-02-24,65.5,66.19,65.2,65.21,102024,-0.29,0.99,-0.44,1.52,0.49,-1
2020-02-21,67.42,67.71,66.33,67.5,71910,0.08,1.38,0.12,2.04,0.69,-1
2020-02-20,66.58,68.1,66.58,67.5,75575,0.92,1.52,1.36,2.25,0.76,1
2020-02-19,67.35,67.64,66.17,66.76,83665,-0.59,1.47,-0.88,2.2,0.73,-1
2020-02-18,69.05,69.05,67.14,67.29,62564,-1.76,1.91,-2.62,2.84,0.95,-1
2020-02-14,70.4,70.4,69.09,69.31,51312,-1.09,1.31,-1.57,1.89,0.66,-1
2020-02-13,70.4,70.69,69.41,70.21,57973,-0.19,1.28,-0.27,1.82,0.64,-1
2020-02-12,70.02,71.29,70.0,70.85,55356,0.83,1.29,1.17,1.82,0.65,1
2020-02-11,69.56,69.99,68.6,69.41,46892,-0.15,1.39,-0.22,2.0,0.7,1
2020-02-10,69.32,70.43,68.93,69.23,56885,-0.09,1.5,-0.13,2.17,0.75,-1
2020-02-07,71.5,71.55,69.28,69.64,35738,-1.86,2.27,-2.67,3.26,1.13,-1
2020-02-06,73.0,73.12,71.82,72.04,51361,-0.96,1.3,-1.33,1.8,0.65,-1
2020-02-05,72.8,73.18,71.89,72.57,55052,-0.23,1.29,-0.32,1.78,0.65,1
2020-02-04,71.5,72.53,70.81,71.95,65000,0.45,1.72,0.63,2.39,0.86,1
2020-02-03,69.85,70.89,69.45,70.18,106604,0.33,1.44,0.47,2.05,0.72,1
2020-01-31,73.05,73.05,69.05,69.4,101071,-3.65,4.0,-5.26,5.76,2.0,-1
2020-01-30,71.26,73.36,71.26,73.13,88643,1.87,2.1,2.56,2.87,1.05,1
2020-01-29,74.86,74.86,71.95,71.95,70309,-2.91,2.91,-4.04,4.04,1.45,1
2020-01-28,71.13,71.86,70.89,70.97,50829,-0.16,0.97,-0.23,1.37,0.48,1
2020-01-27,70.89,71.58,70.11,70.82,86581,-0.07,1.47,-0.1,2.08,0.73,-1
2020-01-24,73.1,73.1,71.68,72.28,95839,-0.82,1.42,-1.13,1.96,0.71,-1
2020-01-23,72.84,73.47,71.62,72.89,122480,0.05,1.85,0.07,2.54,0.92,-1
2020-01-22,73.43,74.13,72.98,73.36,74996,-0.07,1.15,-0.1,1.57,0.57,1
2020-01-21,73.68,73.82,72.69,73.23,81792,-0.45,1.13,-0.61,1.54,0.56,-1
2020-01-17,74.49,74.5,73.67,74.09,117480,-0.4,0.83,-0.54,1.12,0.41,-1
2020-01-16,73.6,74.72,73.25,74.17,94809,0.57,1.47,0.77,1.98,0.73,1
2020-01-15,73.52,74.11,73.27,73.7,122780,0.18,0.84,0.24,1.14,0.42,-1
2020-01-14,73.37,74.45,73.1,73.86,67215,0.49,1.35,0.66,1.83,0.68,1
2020-01-13,72.42,73.56,72.35,73.53,76885,1.11,1.21,1.51,1.65,0.61,1
2020-01-10,72.47,72.9,71.46,72.47,109718,0.0,1.44,0.0,1.99,0.72,1
2020-01-09,75.74,75.8,72.33,72.42,194334,-3.32,3.47,-4.58,4.79,1.73,-1
2020-01-08,76.67,77.41,75.46,75.59,140399,-1.08,1.95,-1.43,2.58,0.98,-1
2020-01-07,76.62,77.23,75.86,76.59,74106,-0.03,1.37,-0.04,1.79,0.69,-1
2020-01-06,75.2,76.92,75.08,76.86,94160,1.66,1.84,2.16,2.39,0.92,1
2020-01-03,75.27,76.49,74.8,76.22,122749,0.95,1.69,1.25,2.22,0.84,-1
2020-01-02,75.92,76.69,74.76,76.56,107293,0.64,1.93,0.84,2.52,0.96,1
2019-12-31,75.56,76.36,75.33,75.42,144095,-0.14,1.03,-0.19,1.37,0.52,-1
2019-12-30,75.92,76.41,75.53,75.73,59531,-0.19,0.88,-0.25,1.16,0.44,-1
2019-12-27,76.63,76.8,75.9,75.99,67138,-0.64,0.9,-0.84,1.18,0.45,-1
2019-12-26,76.31,76.67,75.8,76.39,57919,0.08,0.87,0.1,1.14,0.44,-1
2019-12-24,75.23,76.55,74.92,76.41,32350,1.18,1.63,1.54,2.13,0.81,1
2019-12-23,76.98,77.31,75.12,75.32,94021,-1.66,2.19,-2.2,2.91,1.09,-1
2019-12-20,76.84,77.39,76.47,77.19,380291,0.35,0.92,0.45,1.19,0.46,1
2019-12-19,77.14,77.41,76.26,76.66,85339,-0.48,1.15,-0.63,1.5,0.57,-1
2019-12-18,75.15,77.41,75.15,77.32,119406,2.17,2.26,2.81,2.92,1.13,1
2019-12-17,75.86,75.93,74.2,75.11,103557,-0.75,1.73,-1.0,2.3,0.87,-1
2019-12-16,75.89,77.53,75.81,75.84,143461,-0.05,1.72,-0.07,2.27,0.86,1
2019-12-13,74.79,75.98,73.86,75.31,170569,0.52,2.12,0.69,2.82,1.06,1
2019-12-12,72.61,77.56,71.88,74.94,290374,2.33,5.68,3.11,7.58,2.84,1
2019-12-11,76.18,76.34,73.94,74.4,192905,-1.78,2.4,-2.39,3.23,1.2,-1
2019-12-10,76.04,76.62,75.35,76.01,130769,-0.03,1.27,-0.04,1.67,0.64,-1
2019-12-09,75.28,76.36,75.28,76.19,97333,0.91,1.08,1.19,1.42,0.54,1
2019-12-06,74.56,75.89,74.4,75.41,107859,0.85,1.49,1.13,1.98,0.74,1
2019-12-05,72.87,73.96,72.87,73.79,107383,0.92,1.09,1.25,1.48,0.54,1
2019-12-04,70.87,73.16,70.87,72.92,108826,2.05,2.29,2.81,3.14,1.14,1
2019-12-03,71.53,71.81,71.06,71.29,88265,-0.24,0.75,-0.34,1.05,0.38,-1
2019-12-02,74.79,74.79,72.13,72.46,106673,-2.33,2.66,-3.22,3.67,1.33,-1
2019-11-29,74.51,74.65,74.01,74.42,54854,-0.09,0.64,-0.12,0.86,0.32,-1
2019-11-27,73.52,74.62,72.94,74.58,78612,1.06,1.68,1.42,2.25,0.84,1
2019-11-26,72.73,73.85,72.57,73.4,98921,0.67,1.28,0.91,1.74,0.64,1
2019-11-25,71.66,73.03,71.38,72.62,95389,0.96,1.65,1.32,2.27,0.83,1
2019-11-22,71.3,71.4,70.21,71.1,58570,-0.2,1.19,-0.28,1.67,0.6,1
2019-11-21,69.86,71.14,69.08,70.64,116442,0.78,2.06,1.1,2.92,1.03,1
2019-11-20,70.97,71.59,69.78,69.9,93122,-1.07,1.81,-1.53,2.59,0.91,-1
2019-11-19,71.13,71.35,70.22,71.11,98426,-0.02,1.13,-0.03,1.59,0.56,-1
2019-11-18,72.23,72.23,70.72,71.32,68990,-0.91,1.51,-1.28,2.12,0.76,-1
2019-11-15,72.18,72.78,70.69,72.53,73972,0.35,2.09,0.48,2.88,1.05,1
2019-11-14,71.73,72.49,71.18,71.67,73751,-0.06,1.31,-0.08,1.83,0.65,-1
2019-11-13,71.53,72.04,71.0,71.74,92693,0.21,1.04,0.29,1.45,0.52,-1
2019-11-12,73.05,73.05,71.84,72.01,68925,-1.04,1.21,-1.44,1.68,0.6,-1
2019-11-11,73.59,73.97,72.84,72.92,91187,-0.67,1.13,-0.92,1.55,0.56,-1
2019-11-08,74.75,75.24,73.82,74.2,53565,-0.55,1.42,-0.74,1.91,0.71,-1
2019-11-07,74.35,75.05,74.16,74.84,105461,0.49,0.89,0.65,1.19,0.45,1
2019-11-06,73.79,73.82,72.94,73.6,107491,-0.19,0.88,-0.26,1.2,0.44,-1
2019-11-05,72.7,74.38,72.7,74.04,111491,1.34,1.68,1.81,2.27,0.84,1
2019-11-04,70.75,72.67,70.39,72.67,138158,1.92,2.28,2.64,3.14,1.14,1
2019-11-01,69.26,70.5,68.91,70.31,131452,1.05,1.59,1.49,2.26,0.8,1
2019-10-31,68.82,68.91,67.48,68.86,137419,0.04,1.43,0.06,2.08,0.71,1
2019-10-30,68.59,69.27,68.1,68.84,139256,0.25,1.17,0.36,1.7,0.59,-1
2019-10-29,69.42,69.78,68.39,68.89,143062,-0.53,1.39,-0.77,2.02,0.7,-1
2019-10-28,69.46,70.2,69.36,69.57,117806,0.11,0.84,0.16,1.21,0.42,1
2019-10-25,67.17,69.3,66.87,69.18,134336,2.01,2.43,2.91,3.51,1.21,1
2019-10-24,68.93,68.93,67.38,67.62,95417,-1.31,1.55,-1.94,2.29,0.78,-1
2019-10-23,69.6,69.6,68.09,68.61,82894,-0.99,1.51,-1.44,2.2,0.75,-1
2019-10-22,68.38,69.99,67.5,69.54,92316,1.16,2.49,1.67,3.58,1.24,1
2019-10-21,69.9,70.58,67.8,68.18,138090,-1.72,2.78,-2.52,4.08,1.39,-1
2019-10-18,69.34,69.39,68.48,69.13,127025,-0.21,0.91,-0.3,1.32,0.45,-1
2019-10-17,70.22,71.01,69.84,69.97,109786,-0.25,1.17,-0.36,1.67,0.59,-1
2019-10-16,69.5,70.85,69.45,70.14,123951,0.64,1.4,0.91,2.0,0.7,1
2019-10-15,69.8,70.04,68.78,69.57,168184,-0.23,1.26,-0.33,1.81,0.63,-1
2019-10-14,69.73,70.04,68.48,69.57,75596,-0.16,1.56,-0.23,2.24,0.78,-1
2019-10-11,71.29,73.39,69.83,69.89,170900,-1.4,3.56,-2.0,5.09,1.78,-1
2019-10-10,69.02,70.66,68.66,70.12,167973,1.1,2.0,1.57,2.85,1.0,1
2019-10-09,69.08,69.15,68.33,68.68,97065,-0.4,0.82,-0.58,1.19,0.41,1
2019-10-08,68.92,69.41,68.23,68.33,118440,-0.59,1.18,-0.86,1.73,0.59,-1
2019-10-07,69.03,70.06,68.42,69.71,94515,0.68,1.64,0.98,2.35,0.82,1
2019-10-04,69.26,69.47,68.07,69.41,90029,0.15,1.4,0.22,2.02,0.7,1
2019-10-03,68.73,69.26,66.97,68.89,91157,0.16,2.29,0.23,3.32,1.15,-1
2019-10-02,70.21,70.21,68.42,68.93,94021,-1.28,1.79,-1.86,2.6,0.89,-1
2019-10-01,71.96,72.88,70.32,70.85,100934,-1.11,2.56,-1.57,3.61,1.28,-1
2019-09-30,72.27,72.49,71.55,71.7,137229,-0.57,0.94,-0.79,1.31,0.47,-1
2019-09-27,72.79,74.51,71.39,72.3,180964,-0.49,3.12,-0.68,4.32,1.56,-1
2019-09-26,70.71,72.86,70.07,72.57,145189,1.86,2.79,2.56,3.84,1.4,1
2019-09-25,70.72,71.73,69.89,70.76,122226,0.04,1.84,0.06,2.6,0.92,1
2019-09-24,70.81,71.16,69.39,70.37,156474,-0.44,1.77,-0.63,2.52,0.88,-1
2019-09-23,69.76,70.61,69.47,70.42,150335,0.66,1.14,0.94,1.62,0.57,1
2019-09-20,72.17,72.9,70.35,70.37,278587,-1.8,2.55,-2.56,3.62,1.28,-1
2019-09-19,72.53,72.57,71.49,72.11,162453,-0.42,1.08,-0.58,1.5,0.54,-1
2019-09-18,72.23,72.63,71.14,72.33,196758,0.1,1.49,0.14,2.06,0.74,-1
2019-09-17,73.06,73.06,70.69,72.38,129083,-0.68,2.37,-0.94,3.27,1.19,-1
2019-09-16,73.25,74.01,72.18,73.26,155659,0.01,1.83,0.01,2.5,0.91,-1
2019-09-13,74.89,76.14,73.63,73.93,201399,-0.96,2.51,-1.3,3.4,1.26,-1
2019-09-12,74.47,77.87,71.61,74.15,791588,-0.32,6.26,-0.43,8.44,3.13,-1
2019-09-11,78.49,80.55,76.5,79.5,634913,1.01,4.05,1.27,5.09,2.02,1
2019-09-10,75.33,78.25,74.92,78.11,276543,2.78,3.33,3.56,4.26,1.66,1
2019-09-09,73.74,76.23,73.48,75.3,214976,1.56,2.75,2.07,3.65,1.38,1
2019-09-06,72.89,73.59,72.05,73.55,121697,0.66,1.54,0.9,2.09,0.77,1
2019-09-05,71.08,72.88,71.05,72.67,182129,1.59,1.83,2.19,2.52,0.91,1
2019-09-04,68.86,70.28,68.52,70.16,99575,1.3,1.76,1.85,2.51,0.88,1
2019-09-03,68.91,69.31,67.65,68.09,199499,-0.82,1.66,-1.2,2.44,0.83,-1
2019-08-30,70.48,70.92,69.19,69.78,122304,-0.7,1.73,-1.0,2.48,0.87,-1
2019-08-29,69.13,70.17,68.62,70.03,85346,0.9,1.55,1.29,2.21,0.77,1
2019-08-28,66.13,68.24,65.49,68.16,95483,2.03,2.75,2.98,4.03,1.38,1
2019-08-27,67.78,67.8,65.71,66.38,134822,-1.4,2.09,-2.11,3.15,1.05,-1
2019-08-26,67.71,67.86,66.74,67.18,152037,-0.53,1.12,-0.79,1.67,0.56,1
2019-08-23,69.99,70.46,66.54,66.96,160818,-3.03,3.92,-4.53,5.85,1.96,-1
2019-08-22,69.74,71.29,69.74,70.34,150838,0.6,1.55,0.85,2.2,0.78,1
2019-08-21,68.01,69.25,67.91,69.2,164950,1.19,1.34,1.72,1.94,0.67,1
2019-08-20,66.79,67.14,65.64,66.98,149532,0.19,1.5,0.28,2.24,0.75,-1
2019-08-19,67.23,68.08,66.93,67.05,134664,-0.18,1.15,-0.27,1.72,0.57,1
2019-08-16,64.9,66.24,64.9,66.06,118180,1.16,1.34,1.76,2.03,0.67,1
2019-08-15,65.1,65.1,63.73,64.32,218893,-0.78,1.37,-1.21,2.13,0.68,-1
2019-08-14,65.0,65.12,63.78,64.35,277462,-0.65,1.34,-1.01,2.08,0.67,-1
2019-08-13,64.53,68.45,64.02,66.74,200269,2.21,4.43,3.31,6.64,2.22,1
2019-08-12,66.59,66.59,64.03,64.8,146638,-1.79,2.56,-2.76,3.95,1.28,-1
2019-08-09,69.18,69.65,66.83,66.83,148537,-2.35,2.82,-3.52,4.22,1.41,-1
2019-08-08,67.64,69.28,67.15,69.28,390052,1.64,2.13,2.37,3.07,1.06,1
2019-08-07,67.08,68.18,66.67,67.34,199621,0.26,1.51,0.39,2.24,0.76,-1
2019-08-06,68.47,68.69,67.29,67.96,133560,-0.51,1.4,-0.75,2.06,0.7,-1
2019-08-05,68.37,68.91,67.51,68.05,149345,-0.32,1.4,-0.47,2.06,0.7,-1
2019-08-02,69.19,70.26,68.7,69.73,119736,0.54,1.56,0.77,2.24,0.78,1
2019-08-01,73.11,73.71,68.39,69.07,206737,-4.04,5.32,-5.85,7.7,2.66,-1
2019-07-31,73.22,74.11,72.09,73.19,213364,-0.03,2.02,-0.04,2.76,1.01,-1
2019-07-30,72.71,73.31,71.15,73.25,208127,0.54,2.16,0.74,2.95,1.08,1
2019-07-29,72.27,73.37,71.29,73.21,129195,0.94,2.08,1.28,2.84,1.04,1
2019-07-26,72.04,72.39,71.09,72.23,142627,0.19,1.3,0.26,1.8,0.65,1
2019-07-25,71.29,72.19,71.07,71.55,175906,0.26,1.12,0.36,1.57,0.56,1
2019-07-24,69.98,71.65,69.47,71.44,170703,1.46,2.18,2.04,3.05,1.09,1
2019-07-23,69.45,70.1,69.04,69.92,137849,0.47,1.06,0.67,1.52,0.53,1
2019-07-22,69.75,70.3,68.72,68.89,208237,-0.86,1.58,-1.25,2.29,0.79,-1
2019-07-19,69.86,71.02,69.29,69.43,150393,-0.43,1.73,-0.62,2.49,0.86,-1
2019-07-18,69.79,70.1,68.66,69.5,155876,-0.29,1.44,-0.42,2.07,0.72,-1
2019-07-17,70.88,71.53,69.57,70.01,194488,-0.87,1.96,-1.24,2.8,0.98,-1
2019-07-16,69.28,71.7,69.04,71.06,210853,1.78,2.66,2.5,3.74,1.33,1
2019-07-15,69.97,70.3,68.78,69.37,182286,-0.6,1.52,-0.86,2.19,0.76,-1
2019-07-12,69.44,70.64,69.44,69.63,180709,0.19,1.2,0.27,1.72,0.6,1
2019-07-11,69.84,70.5,68.83,69.46,191602,-0.38,1.67,-0.55,2.4,0.84,-1
2019-07-10,71.72,72.0,69.73,69.75,271275,-1.97,2.27,-2.82,3.25,1.13,-1
2019-07-09,72.62,72.74,71.24,71.58,137209,-1.04,1.5,-1.45,2.1,0.75,-1
2019-07-08,72.49,73.91,72.49,73.0,144090,0.51,1.42,0.7,1.95,0.71,1
2019-07-05,72.3,73.25,72.14,72.93,127649,0.63,1.11,0.86,1.52,0.55,1
2019-07-03,71.83,72.98,71.46,72.8,120333,0.97,1.52,1.33,2.09,0.76,1
2019-07-02,73.67,73.92,71.13,71.54,174734,-2.13,2.79,-2.98,3.9,1.4,-1
2019-07-01,76.57,77.84,73.33,73.68,177456,-2.89,4.51,-3.92,6.12,2.26,-1
2019-06-28,73.87,76.3,73.87,75.8,585758,1.93,2.43,2.55,3.21,1.21,1
2019-06-27,73.26,73.96,72.61,73.71,197354,0.45,1.35,0.61,1.83,0.67,1
2019-06-26,74.28,74.51,73.63,73.7,173971,-0.58,0.88,-0.79,1.19,0.44,-1
2019-06-25,76.0,76.17,73.52,73.89,244390,-2.11,2.65,-2.86,3.59,1.33,-1
2019-06-24,76.62,78.21,75.81,76.18,238875,-0.44,2.4,-0.58,3.15,1.2,-1
2019-06-21,76.09,76.62,75.36,76.39,263636,0.3,1.26,0.39,1.65,0.63,-1
2019-06-20,76.64,76.88,75.17,76.43,216545,-0.21,1.71,-0.27,2.24,0.85,1
2019-06-19,75.81,76.6,74.54,75.96,169417,0.15,2.06,0.2,2.71,1.03,1
2019-06-18,74.84,76.38,74.47,75.76,226380,0.92,1.91,1.21,2.52,0.95,1
2019-06-17,75.61,76.2,74.08,74.27,309612,-1.34,2.12,-1.8,2.85,1.06,-1
2019-06-14,74.48,76.01,73.5,75.5,266179,1.02,2.51,1.35,3.32,1.26,1
2019-06-13,75.82,79.56,71.16,74.58,790235,-1.24,8.4,-1.66,11.26,4.2,1
2019-06-12,70.18,70.19,68.58,68.8,434573,-1.38,1.61,-2.01,2.34,0.8,-1
2019-06-11,72.5,73.04,70.28,70.39,278956,-2.11,2.76,-3.0,3.92,1.38,-1
2019-06-10,70.61,72.81,70.61,71.95,150231,1.34,2.2,1.86,3.06,1.1,1
2019-06-07,69.77,70.86,69.52,70.79,219252,1.02,1.34,1.44,1.89,0.67,1
2019-06-06,71.65,71.68,68.48,69.43,184469,-2.22,3.2,-3.2,4.61,1.6,-1
2019-06-05,72.38,72.38,70.12,71.68,123222,-0.7,2.26,-0.98,3.15,1.13,-1
2019-06-04,70.78,72.24,70.44,71.96,221638,1.18,1.8,1.64,2.51,0.9,1
2019-06-03,71.08,71.7,69.54,70.0,254781,-1.08,2.16,-1.54,3.09,1.08,-1
2019-05-31,71.89,72.88,71.02,71.24,198405,-0.65,1.86,-0.91,2.61,0.93,-1
2019-05-30,72.75,73.61,72.09,72.7,155371,-0.05,1.52,-0.07,2.09,0.76,-1
2019-05-29,73.32,74.11,72.63,72.99,190503,-0.33,1.48,-0.45,2.03,0.74,-1
2019-05-28,74.33,74.83,73.67,74.0,204141,-0.33,1.16,-0.45,1.57,0.58,-1
2019-05-24,73.86,74.89,73.03,74.3,141572,0.44,1.86,0.59,2.5,0.93,1
2019-05-23,73.16,73.6,72.52,73.28,221290,0.12,1.08,0.16,1.47,0.54,-1
2019-05-22,74.61,74.66,73.41,73.73,158096,-0.88,1.25,-1.19,1.7,0.62,-1
2019-05-21,73.94,75.33,73.25,75.13,149560,1.19,2.08,1.58,2.77,1.04,1
2019-05-20,73.43,74.56,72.54,73.65,188187,0.22,2.02,0.3,2.74,1.01,-1
2019-05-17,73.52,75.94,73.22,74.1,180834,0.58,2.72,0.78,3.67,1.36,1
2019-05-16,74.4,75.83,73.11,73.93,137889,-0.47,2.72,-0.64,3.68,1.36,-1
2019-05-15,73.39,74.63,72.98,74.02,130217,0.63,1.65,0.85,2.23,0.82,1
2019-05-14,73.62,74.97,72.79,74.0,119095,0.38,2.18,0.51,2.95,1.09,1
2019-05-13,76.35,76.35,73.24,73.48,184582,-2.87,3.11,-3.91,4.23,1.55,-1
2019-05-10,78.32,78.83,75.89,77.34,256899,-0.98,2.94,-1.27,3.8,1.47,-1
2019-05-09,78.54,78.64,77.37,78.45,188022,-0.09,1.27,-0.11,1.62,0.63,-1
2019-05-08,79.91,80.31,78.57,78.95,245227,-0.96,1.74,-1.22,2.2,0.87,-1
2019-05-07,81.66,81.95,79.32,79.91,171074,-1.75,2.63,-2.19,3.29,1.32,-1
2019-05-06,83.05,83.14,81.66,82.2,172881,-0.85,1.48,-1.03,1.8,0.74,-1
2019-05-03,82.74,84.27,82.6,84.26,120971,1.52,1.67,1.8,1.98,0.84,1
2019-05-02,81.73,82.59,81.01,82.26,98763,0.53,1.58,0.64,1.92,0.79,1
2019-05-01,83.06,83.42,81.38,81.57,201572,-1.49,2.04,-1.83,2.5,1.02,-1
2019-04-30,82.94,83.29,82.24,83.06,137406,0.12,1.05,0.14,1.26,0.53,1
2019-04-29,84.3,85.36,82.7,83.0,182805,-1.3,2.66,-1.57,3.2,1.33,-1
2019-04-26,82.82,84.33,82.33,84.28,107849,1.46,2.0,1.73,2.37,1.0,1
2019-04-25,83.9,84.27,82.72,82.82,133062,-1.08,1.55,-1.3,1.87,0.77,-1
2019-04-24,82.05,84.36,81.97,83.94,132188,1.89,2.39,2.25,2.85,1.2,1
2019-04-23,80.21,81.6,79.67,81.56,95248,1.35,1.93,1.66,2.37,0.96,1
2019-04-22,80.97,80.97,79.19,79.99,112633,-0.98,1.78,-1.23,2.23,0.89,-1
2019-04-18,80.84,81.55,79.85,81.07,157986,0.23,1.7,0.28,2.1,0.85,1
2019-04-17,81.55,82.23,80.26,80.84,190090,-0.71,1.97,-0.88,2.44,0.98,-1
2019-04-16,79.97,82.6,79.83,82.13,256607,2.16,2.77,2.63,3.37,1.38,1
2019-04-15,78.15,79.54,77.9,79.26,132885,1.11,1.64,1.4,2.07,0.82,1
2019-04-12,78.4,78.78,77.72,78.06,193308,-0.34,1.06,-0.44,1.36,0.53,-1
2019-04-11,78.73,78.73,77.67,78.14,74313,-0.59,1.06,-0.76,1.36,0.53,-1
2019-04-10,77.64,78.56,76.58,78.51,134001,0.87,1.98,1.11,2.52,0.99,1
2019-04-09,78.09,78.81,77.24,77.41,172244,-0.68,1.57,-0.88,2.03,0.79,-1
2019-04-08,78.83,79.2,78.04,78.39,125331,-0.44,1.16,-0.56,1.48,0.58,-1
2019-04-05,78.16,79.48,78.14,78.93,255087,0.77,1.34,0.98,1.7,0.67,1
2019-04-04,75.83,78.41,75.32,78.04,165701,2.21,3.09,2.83,3.96,1.55,1
2019-04-03,75.7,76.33,74.93,75.96,140230,0.26,1.4,0.34,1.84,0.7,1
2019-04-02,76.17,76.17,74.85,75.3,141702,-0.87,1.32,-1.16,1.75,0.66,-1
2019-04-01,75.5,76.54,74.18,76.17,233876,0.67,2.36,0.88,3.1,1.18,1
2019-03-29,72.81,76.61,72.05,75.26,469658,2.45,4.56,3.26,6.06,2.28,-1
2019-03-28,78.03,79.49,77.71,78.28,394843,0.25,1.78,0.32,2.27,0.89,1
2019-03-27,74.84,76.83,74.84,76.37,250877,1.53,1.99,2.0,2.61,0.99,1
2019-03-26,75.7,77.44,74.87,74.87,220947,-0.83,2.57,-1.11,3.43,1.28,-1
2019-03-25,73.6,76.25,73.37,75.52,275457,1.92,2.88,2.54,3.81,1.44,1
2019-03-22,74.73,75.05,72.93,73.83,247075,-0.9,2.12,-1.22,2.87,1.06,-1
2019-03-21,75.37,76.25,74.36,75.09,229463,-0.28,1.89,-0.37,2.52,0.95,-1
2019-03-20,76.3,76.4,74.78,75.43,184390,-0.87,1.62,-1.15,2.15,0.81,-1
2019-03-19,77.06,77.83,76.04,76.4,104759,-0.66,1.79,-0.86,2.34,0.89,-1
2019-03-18,75.97,76.9,75.26,76.86,226802,0.89,1.64,1.16,2.13,0.82,1
2019-03-15,76.75,77.77,75.58,75.77,259765,-0.98,2.19,-1.29,2.89,1.09,-1
2019-03-14,77.75,77.92,76.46,76.67,88462,-1.08,1.46,-1.41,1.9,0.73,-1
2019-03-13,77.31,78.17,76.94,77.86,130007,0.55,1.23,0.71,1.58,0.62,1
2019-03-12,76.8,77.03,75.81,76.98,102274,0.18,1.22,0.23,1.58,0.61,1
2019-03-11,76.03,76.95,75.39,76.82,113830,0.79,1.56,1.03,2.03,0.78,1
2019-03-08,76.79,77.02,75.54,75.92,127946,-0.87,1.48,-1.15,1.95,0.74,-1
2019-03-07,77.26,77.76,75.78,77.25,91127,-0.01,1.98,-0.01,2.56,0.99,1
2019-03-06,78.24,78.24,76.81,77.14,109119,-1.1,1.43,-1.43,1.85,0.71,-1
2019-03-05,78.34,78.35,77.52,78.12,82108,-0.22,0.83,-0.28,1.06,0.41,-1
2019-03-04,80.14,80.14,78.02,78.13,106854,-2.01,2.12,-2.57,2.71,1.06,-1
2019-03-01,79.92,81.03,79.07,79.94,104509,0.02,1.96,0.03,2.45,0.98,1
2019-02-28,79.99,80.15,78.95,79.03,87586,-0.96,1.2,-1.21,1.52,0.6,-1
2019-02-27,79.13,80.43,78.89,80.19,69798,1.06,1.54,1.32,1.92,0.77,1
2019-02-26,79.84,80.88,79.35,79.39,84232,-0.45,1.53,-0.57,1.93,0.77,-1
2019-02-25,81.28,82.11,79.87,79.89,84765,-1.39,2.24,-1.74,2.8,1.12,-1
2019-02-22,80.24,80.87,79.75,80.78,94074,0.54,1.12,0.67,1.39,0.56,1
2019-02-21,79.99,80.5,79.72,79.85,145250,-0.14,0.78,-0.18,0.98,0.39,-1
2019-02-20,79.92,80.63,79.09,80.09,134043,0.17,1.54,0.21,1.92,0.77,-1
2019-02-19,79.52,80.26,78.86,80.09,70700,0.57,1.4,0.71,1.75,0.7,1
2019-02-15,79.1,80.3,78.63,79.69,120001,0.59,1.67,0.74,2.1,0.84,1
2019-02-14,78.39,79.28,77.7,78.48,106020,0.09,1.58,0.11,2.01,0.79,-1
2019-02-13,79.78,79.94,78.76,79.12,102341,-0.66,1.18,-0.83,1.49,0.59,-1
2019-02-12,78.27,79.48,78.27,79.34,99099,1.07,1.21,1.35,1.53,0.61,1
2019-02-11,76.97,78.16,76.02,77.76,130682,0.79,2.14,1.02,2.75,1.07,1
2019-02-08,76.94,77.76,76.12,76.74,131474,-0.2,1.64,-0.26,2.14,0.82,-1
2019-02-07,77.76,78.24,76.66,77.19,102235,-0.57,1.58,-0.74,2.05,0.79,-1
2019-02-06,78.61,79.19,77.27,78.52,60056,-0.09,1.92,-0.11,2.45,0.96,-1
2019-02-05,78.93,79.46,78.09,78.77,121026,-0.16,1.37,-0.2,1.74,0.68,1
2019-02-04,77.33,77.94,76.9,77.83,83603,0.5,1.04,0.64,1.34,0.52,1
2019-02-01,77.3,77.62,76.31,77.25,140743,-0.05,1.31,-0.06,1.7,0.66,1
2019-01-31,77.41,77.41,76.15,76.58,131808,-0.83,1.26,-1.08,1.65,0.63,-1
2019-01-30,76.98,77.52,75.99,77.26,83079,0.28,1.53,0.36,1.98,0.77,1
2019-01-29,77.36,77.54,76.55,76.75,82139,-0.61,0.99,-0.79,1.29,0.5,-1
2019-01-28,76.3,77.7,76.17,77.36,88142,1.06,1.53,1.37,1.98,0.77,1
2019-01-25,77.52,77.78,76.04,76.86,130194,-0.66,1.74,-0.86,2.26,0.87,1
2019-01-24,75.87,77.01,75.53,76.83,95185,0.96,1.48,1.25,1.93,0.74,1
2019-01-23,75.67,76.7,74.99,75.98,135522,0.31,1.71,0.41,2.25,0.86,1
2019-01-22,76.4,76.62,75.0,75.36,175453,-1.04,1.62,-1.38,2.15,0.81,-1
2019-01-18,76.06,77.21,75.98,76.83,100591,0.77,1.23,1.0,1.6,0.61,1
2019-01-17,73.88,76.28,73.88,75.33,179245,1.45,2.4,1.92,3.19,1.2,1
2019-01-16,75.26,76.04,74.41,74.73,113221,-0.53,1.63,-0.71,2.18,0.82,-1
2019-01-15,74.38,75.47,73.48,75.16,138372,0.78,1.99,1.04,2.65,0.99,1
2019-01-14,75.15,75.47,73.89,74.14,111299,-1.01,1.58,-1.36,2.13,0.79,-1
2019-01-11,74.19,76.08,74.19,75.77,136213,1.58,1.89,2.09,2.49,0.95,1
2019-01-10,74.94,74.94,73.13,74.13,110194,-0.81,1.81,-1.09,2.44,0.91,-1
2019-01-09,77.72,78.25,75.99,76.47,222072,-1.25,2.26,-1.63,2.96,1.13,-1
2019-01-08,75.92,77.23,74.59,77.17,252185,1.25,2.64,1.62,3.42,1.32,1
2019-01-07,73.6,75.6,73.6,74.61,191410,1.01,2.0,1.35,2.68,1.0,1
2019-01-04,71.5,74.12,69.68,73.63,217459,2.13,4.44,2.89,6.03,2.22,1
2019-01-03,72.18,72.59,70.6,70.77,142216,-1.41,1.99,-1.99,2.81,1.0,-1
2019-01-02,70.13,73.69,69.62,72.6,184171,2.47,4.07,3.4,5.61,2.03,1
2018-12-31,71.09,71.66,70.28,71.04,154607,-0.05,1.38,-0.07,1.95,0.69,1
2018-12-28,70.6,71.22,68.69,70.76,262086,0.16,2.53,0.23,3.58,1.27,1
2018-12-27,67.45,69.62,66.79,69.59,174199,2.14,2.83,3.08,4.07,1.41,1
2018-12-26,65.62,68.56,65.06,68.49,146103,2.87,3.5,4.19,5.11,1.75,1
2018-12-24,64.99,66.64,64.0,65.13,97506,0.14,2.64,0.21,4.05,1.32,-1
2018-12-21,66.9,67.64,64.9,65.3,510679,-1.6,2.74,-2.45,4.2,1.37,-1
2018-12-20,67.75,68.33,65.58,66.67,191632,-1.08,2.75,-1.62,4.12,1.38,-1
2018-12-19,70.03,70.32,67.68,68.03,191149,-2.0,2.64,-2.94,3.88,1.32,-1
2018-12-18,69.89,71.32,69.02,69.07,207462,-0.82,2.3,-1.19,3.33,1.15,-1
2018-12-17,69.45,71.51,68.64,69.4,316706,-0.05,2.87,-0.07,4.14,1.44,-1
2018-12-14,66.23,71.62,66.06,69.57,456621,3.34,5.56,4.8,7.99,2.78,1
2018-12-13,63.81,70.79,63.5,67.24,1514388,3.43,7.29,5.1,10.84,3.65,-1
2018-12-12,74.03,75.29,72.71,74.81,275437,0.78,2.58,1.04,3.45,1.29,1
2018-12-11,73.9,76.19,73.11,73.92,138638,0.02,3.08,0.03,4.17,1.54,1
2018-12-10,75.55,75.55,72.56,73.43,238193,-2.12,2.99,-2.89,4.07,1.49,-1
2018-12-07,78.23,78.48,74.25,75.3,207307,-2.93,4.23,-3.89,5.62,2.12,-1
2018-12-06,78.54,79.14,75.89,78.28,137399,-0.26,3.25,-0.33,4.16,1.63,-1
2018-12-04,82.81,84.57,79.0,79.55,193050,-3.26,5.57,-4.1,7.0,2.78,-1
2018-12-03,80.75,83.7,80.75,83.0,162265,2.25,2.95,2.71,3.55,1.48,1
2018-11-30,79.19,82.21,79.19,80.39,215860,1.2,3.02,1.49,3.76,1.51,1
2018-11-29,79.22,81.16,77.05,79.27,127830,0.05,4.11,0.06,5.18,2.05,-1
2018-11-28,79.34,80.27,77.85,79.52,262088,0.18,2.42,0.23,3.04,1.21,1
2018-11-27,80.8,81.21,78.56,79.12,163676,-1.68,2.65,-2.12,3.35,1.32,-1
2018-11-26,81.06,81.96,80.33,81.42,162126,0.36,1.63,0.44,2.0,0.81,1
2018-11-23,79.79,81.54,79.43,80.14,82833,0.35,2.11,0.44,2.63,1.05,1
2018-11-21,84.47,84.5,79.66,80.08,327239,-4.39,4.84,-5.48,6.04,2.42,-1
2018-11-20,85.59,87.96,83.8,84.76,165774,-0.83,4.16,-0.98,4.91,2.08,-1
2018-11-19,89.48,90.0,86.98,87.84,118802,-1.64,3.02,-1.87,3.44,1.51,-1
2018-11-16,88.33,90.74,87.49,89.47,175716,1.14,3.25,1.27,3.63,1.62,1
2018-11-15,87.76,89.02,84.77,88.99,87820,1.23,4.25,1.38,4.78,2.12,1
2018-11-14,88.87,90.65,87.71,88.42,98988,-0.45,2.94,-0.51,3.33,1.47,1
2018-11-13,89.65,90.78,87.34,87.97,148666,-1.68,3.44,-1.91,3.91,1.72,-1
2018-11-12,90.18,90.81,89.11,89.35,160331,-0.83,1.7,-0.93,1.9,0.85,-1
2018-11-09,92.1,92.45,89.81,90.17,109210,-1.93,2.64,-2.14,2.93,1.32,-1
2018-11-08,91.06,92.48,90.17,92.47,101641,1.41,2.31,1.52,2.5,1.16,1
2018-11-07,90.32,91.32,88.52,91.19,118128,0.87,2.8,0.95,3.07,1.4,1
2018-11-06,90.83,91.36,89.6,90.14,168137,-0.69,1.76,-0.77,1.95,0.88,-1
2018-11-05,92.35,93.42,90.68,90.98,127116,-1.37,2.74,-1.51,3.01,1.37,-1
2018-11-02,92.41,93.52,90.97,91.95,170751,-0.46,2.55,-0.5,2.77,1.27,1
2018-11-01,89.22,92.41,89.08,91.57,112913,2.35,3.33,2.57,3.64,1.66,1
2018-10-31,90.96,91.18,88.96,88.98,111094,-1.98,2.22,-2.23,2.49,1.11,-1
2018-10-30,86.53,90.07,86.53,89.76,100761,3.23,3.54,3.6,3.94,1.77,1
2018-10-29,86.49,88.77,85.41,86.42,96130,-0.07,3.36,-0.08,3.89,1.68,1
2018-10-26,84.34,86.6,83.37,85.45,160589,1.11,3.23,1.3,3.78,1.61,1
2018-10-25,84.41,85.2,83.79,85.07,156064,0.66,1.41,0.78,1.66,0.7,1
2018-10-24,83.11,86.15,83.1,83.76,191928,0.65,3.05,0.78,3.64,1.53,1
2018-10-23,81.52,83.22,80.82,83.01,89502,1.49,2.4,1.79,2.89,1.2,1
2018-10-22,81.48,82.65,80.87,82.42,75258,0.94,1.78,1.14,2.16,0.89,1
2018-10-19,83.05,83.3,80.99,81.3,206939,-1.75,2.31,-2.15,2.84,1.16,-1
2018-10-18,82.2,83.25,82.03,83.0,117761,0.8,1.22,0.96,1.47,0.61,-1
2018-10-17,82.86,83.29,81.33,83.08,99653,0.22,1.96,0.26,2.36,0.98,1
2018-10-16,80.97,83.19,79.97,83.0,87563,2.03,3.22,2.45,3.88,1.61,1
2018-10-15,79.53,81.05,79.35,80.27,95184,0.74,1.7,0.92,2.12,0.85,1
2018-10-12,80.64,81.74,79.22,79.74,101814,-0.9,2.52,-1.13,3.16,1.26,1
2018-10-11,78.89,80.99,78.56,79.21,189606,0.32,2.43,0.4,3.07,1.21,1
2018-10-10,82.5,82.5,79.0,79.19,181693,-3.31,3.5,-4.18,4.42,1.75,-1
2018-10-09,83.93,84.38,82.4,82.83,132420,-1.1,1.98,-1.33,2.39,0.99,-1
2018-10-08,83.97,84.72,83.12,84.01,132281,0.04,1.6,0.05,1.9,0.8,-1
2018-10-05,85.52,85.61,83.11,84.21,84201,-1.31,2.5,-1.56,2.97,1.25,-1
2018-10-04,85.4,86.64,84.93,85.51,111834,0.11,1.71,0.13,2.0,0.85,-1
2018-10-03,86.45,87.27,85.89,86.17,72479,-0.28,1.38,-0.32,1.6,0.69,-1
2018-10-02,89.62,89.62,85.93,86.17,99430,-3.45,3.69,-4.0,4.28,1.84,-1
2018-10-01,90.33,90.77,89.2,89.63,120598,-0.7,1.57,-0.78,1.75,0.78,-1
2018-09-28,89.26,91.27,89.26,90.2,106985,0.94,2.01,1.04,2.23,1.0,1
2018-09-27,89.21,90.46,89.21,89.59,56196,0.38,1.25,0.42,1.4,0.62,1
2018-09-26,88.05,90.08,87.08,89.08,97117,1.03,3.0,1.16,3.37,1.5,1
2018-09-25,88.16,88.43,87.45,88.03,68976,-0.13,0.98,-0.15,1.11,0.49,1
2018-09-24,89.58,89.58,87.03,87.91,103656,-1.67,2.55,-1.9,2.9,1.27,-1
2018-09-21,89.53,90.6,89.26,89.58,210297,0.05,1.34,0.06,1.5,0.67,1
2018-09-20,88.06,89.51,87.2,89.4,107094,1.34,2.31,1.5,2.58,1.16,1
2018-09-19,89.75,89.75,86.88,87.72,126891,-2.03,2.87,-2.31,3.27,1.44,-1
2018-09-18,91.85,92.0,89.81,89.95,119322,-1.9,2.19,-2.11,2.43,1.09,-1
2018-09-17,90.05,91.88,89.21,91.61,195129,1.56,2.67,1.7,2.91,1.34,1
2018-09-14,89.55,91.38,89.0,89.59,140190,0.04,2.38,0.04,2.66,1.19,-1
2018-09-13,88.0,92.72,84.75,89.79,445500,1.79,7.97,1.99,8.88,3.98,-1
2018-09-12,90.8,91.89,89.54,90.26,305068,-0.54,2.35,-0.6,2.6,1.17,-1
2018-09-11,89.73,91.18,88.59,90.9,185547,1.17,2.59,1.29,2.85,1.3,1
2018-09-10,88.92,90.9,88.92,89.83,122739,0.91,1.98,1.01,2.2,0.99,1
2018-09-07,90.8,91.37,88.74,89.06,118120,-1.74,2.63,-1.95,2.95,1.32,-1
2018-09-06,91.73,92.79,90.85,90.93,58508,-0.8,1.94,-0.88,2.13,0.97,-1
2018-09-05,92.85,92.85,90.19,91.47,77524,-1.38,2.66,-1.51,2.91,1.33,-1
2018-09-04,93.12,93.33,91.71,93.04,66637,-0.08,1.62,-0.09,1.74,0.81,-1
2018-08-31,91.65,93.23,90.98,93.09,70993,1.44,2.25,1.55,2.42,1.12,1
2018-08-30,93.46,93.99,91.71,91.81,74693,-1.65,2.28,-1.8,2.48,1.14,-1
2018-08-29,94.28,94.28,92.26,93.55,117280,-0.73,2.02,-0.78,2.16,1.01,-1
2018-08-28,93.1,94.48,92.62,94.38,46029,1.28,1.86,1.36,1.97,0.93,1
2018-08-27,93.8,93.96,92.63,93.09,67735,-0.71,1.33,-0.76,1.43,0.66,-1
2018-08-24,94.2,94.3,92.92,93.32,70144,-0.88,1.38,-0.94,1.48,0.69,-1
2018-08-23,94.8,95.4,93.55,94.15,61987,-0.65,1.85,-0.69,1.96,0.93,-1
2018-08-22,95.0,96.05,94.58,94.83,95308,-0.17,1.47,-0.18,1.55,0.73,-1
2018-08-21,94.59,95.51,93.75,95.25,110740,0.66,1.76,0.69,1.85,0.88,1
2018-08-20,94.11,94.34,93.16,94.24,121697,0.13,1.18,0.14,1.25,0.59,1
2018-08-17,93.25,94.16,92.48,93.88,86435,0.63,1.68,0.67,1.79,0.84,1
2018-08-16,94.55,94.62,92.96,93.04,50796,-1.51,1.66,-1.62,1.78,0.83,-1
2018-08-15,95.61,95.74,93.66,94.25,114557,-1.36,2.08,-1.44,2.21,1.04,-1
2018-08-14,94.63,96.35,94.51,96.11,120912,1.48,1.84,1.54,1.91,0.92,1
2018-08-13,95.02,95.2,93.75,94.16,80432,-0.86,1.45,-0.91,1.54,0.73,-1
2018-08-10,93.92,95.86,93.41,94.79,59183,0.87,2.45,0.92,2.58,1.23,1
2018-08-09,92.86,95.25,92.86,94.69,87476,1.83,2.39,1.93,2.52,1.2,1
2018-08-08,92.44,93.42,91.75,92.8,65596,0.36,1.67,0.39,1.8,0.84,1
2018-08-07,92.41,92.8,91.15,92.26,120557,-0.15,1.65,-0.16,1.79,0.82,1
2018-08-06,91.42,92.26,91.04,92.15,87275,0.73,1.22,0.79,1.32,0.61,1
2018-08-03,92.9,93.17,90.53,91.29,93724,-1.61,2.64,-1.76,2.89,1.32,-1
2018-08-02,90.35,92.8,90.28,92.71,74205,2.36,2.52,2.55,2.72,1.26,1
2018-08-01,92.18,92.18,90.5,90.76,65444,-1.42,1.68,-1.56,1.85,0.84,-1
2018-07-31,91.98,92.65,91.08,92.12,89501,0.14,1.57,0.15,1.7,0.79,1
2018-07-30,92.14,92.58,90.71,91.39,81107,-0.75,1.87,-0.82,2.05,0.94,-1
2018-07-27,95.6,96.08,91.45,92.14,173629,-3.46,4.63,-3.76,5.02,2.31,-1
2018-07-26,94.74,97.19,94.74,95.64,189604,0.9,2.45,0.94,2.56,1.23,1
2018-07-25,92.33,94.84,92.07,94.72,114678,2.39,2.77,2.52,2.92,1.39,1
2018-07-24,93.0,93.21,91.58,92.57,135242,-0.43,1.63,-0.46,1.76,0.81,1
2018-07-23,92.81,93.25,91.62,92.5,206105,-0.31,1.63,-0.34,1.76,0.81,-1
2018-07-20,92.66,93.25,92.23,93.0,178942,0.34,1.02,0.37,1.1,0.51,1
2018-07-19,90.59,92.81,90.59,92.73,124636,2.14,2.22,2.31,2.39,1.11,1
2018-07-18,90.05,91.22,89.36,91.21,105101,1.16,1.86,1.27,2.04,0.93,1
2018-07-17,88.68,90.5,88.68,90.25,234556,1.57,1.82,1.74,2.02,0.91,1
2018-07-16,87.35,89.22,86.64,88.76,193379,1.41,2.58,1.59,2.91,1.29,1
2018-07-13,85.31,87.47,85.31,87.21,125358,1.9,2.16,2.18,2.48,1.08,1
2018-07-12,85.63,85.82,83.71,85.48,215910,-0.15,2.11,-0.18,2.47,1.05,1
2018-07-11,85.65,85.85,84.38,84.92,117068,-0.73,1.47,-0.86,1.73,0.73,-1
2018-07-10,85.93,86.43,85.28,85.8,106076,-0.13,1.15,-0.15,1.34,0.58,1
2018-07-09,85.31,85.87,84.44,85.6,77984,0.29,1.43,0.34,1.67,0.72,1
2018-07-06,84.12,85.25,83.55,85.11,127795,0.99,1.7,1.16,2.0,0.85,1
2018-07-05,84.24,84.3,82.73,84.13,159139,-0.11,1.57,-0.13,1.87,0.78,1
2018-07-03,83.67,84.5,82.82,83.75,90660,0.08,1.68,0.1,2.01,0.84,1
2018-07-02,82.74,83.47,82.01,83.44,85348,0.7,1.46,0.84,1.75,0.73,1
2018-06-29,83.98,84.47,82.51,82.98,166398,-1.0,1.96,-1.21,2.36,0.98,-1
2018-06-28,83.11,83.98,82.86,83.28,143867,0.17,1.12,0.2,1.34,0.56,1
2018-06-27,85.14,86.0,83.19,83.19,224210,-1.95,2.81,-2.34,3.38,1.41,-1
2018-06-26,82.9,85.09,82.75,84.91,141449,2.01,2.34,2.37,2.76,1.17,1
2018-06-25,83.66,84.14,82.28,82.81,151969,-0.85,1.86,-1.03,2.25,0.93,-1
2018-06-22,84.87,84.87,83.41,83.8,392038,-1.07,1.46,-1.28,1.74,0.73,-1
2018-06-21,83.97,85.17,83.74,84.35,129152,0.38,1.43,0.45,1.7,0.72,1
2018-06-20,82.79,84.07,81.28,83.69,166402,0.9,2.79,1.08,3.33,1.39,1
2018-06-19,83.03,83.16,80.9,82.48,193898,-0.55,2.26,-0.67,2.74,1.13,-1
2018-06-18,83.1,84.51,83.1,83.58,163063,0.48,1.41,0.57,1.69,0.71,1
2018-06-15,84.99,85.0,82.06,83.42,531023,-1.57,2.94,-1.88,3.52,1.47,-1
2018-06-14,88.14,88.52,85.46,85.58,380732,-2.56,3.06,-2.99,3.58,1.53,-1
2018-06-13,88.0,91.2,86.57,88.15,800235,0.15,4.63,0.17,5.25,2.32,-1
2018-06-12,90.1,93.43,89.76,92.51,399813,2.41,3.67,2.61,3.97,1.84,1
2018-06-11,91.05,91.91,89.68,90.07,206547,-0.98,2.23,-1.09,2.48,1.11,-1
2018-06-08,91.26,91.66,90.47,91.19,140947,-0.07,1.19,-0.08,1.3,0.59,-1
2018-06-07,91.88,93.47,91.25,91.5,260596,-0.38,2.22,-0.42,2.43,1.11,1
2018-06-06,90.3,90.63,89.0,90.08,172090,-0.22,1.63,-0.24,1.81,0.81,-1
2018-06-05,87.37,90.46,86.95,90.4,202646,3.03,3.51,3.35,3.88,1.75,1
2018-06-04,85.72,87.35,85.35,87.2,145508,1.48,2.0,1.7,2.29,1.0,1
2018-06-01,83.28,85.11,83.12,85.07,149927,1.79,1.99,2.1,2.34,0.99,1
2018-05-31,83.41,83.5,82.29,82.52,91308,-0.89,1.21,-1.08,1.47,0.6,-1
2018-05-30,82.96,83.93,82.89,83.15,152943,0.19,1.04,0.23,1.25,0.52,1
2018-05-29,81.69,83.18,81.69,82.46,175903,0.77,1.49,0.93,1.81,0.75,1
2018-05-25,81.45,83.36,81.2,82.33,200657,0.88,2.16,1.07,2.62,1.08,1
2018-05-24,79.9,81.56,78.8,81.5,168366,1.6,2.76,1.96,3.39,1.38,1
2018-05-23,78.16,80.21,78.16,80.05,147786,1.89,2.05,2.36,2.56,1.02,1
2018-05-22,79.66,80.74,78.37,78.52,60819,-1.14,2.37,-1.45,3.02,1.18,-1
2018-05-21,79.0,79.88,78.95,79.47,89223,0.47,0.93,0.59,1.17,0.46,1
2018-05-18,79.93,80.29,78.8,79.01,134713,-0.92,1.49,-1.16,1.89,0.75,-1
2018-05-17,80.55,81.14,79.63,80.03,81970,-0.52,1.51,-0.65,1.89,0.76,-1
2018-05-16,78.89,81.37,78.81,80.56,108296,1.67,2.56,2.07,3.18,1.28,1
2018-05-15,78.24,79.69,77.3,78.63,136321,0.39,2.39,0.5,3.04,1.2,1
2018-05-14,78.75,79.44,78.32,78.49,53780,-0.26,1.12,-0.33,1.43,0.56,-1
2018-05-11,78.41,79.68,78.41,78.71,42365,0.3,1.27,0.38,1.61,0.64,1
2018-05-10,79.3,79.48,77.86,78.46,83506,-0.84,1.62,-1.07,2.06,0.81,-1
2018-05-09,78.22,79.88,77.65,79.42,172432,1.2,2.23,1.51,2.81,1.11,1
2018-05-08,76.78,78.33,76.78,78.08,92378,1.3,1.55,1.66,1.99,0.77,1
2018-05-07,76.46,76.98,75.63,76.79,70373,0.33,1.35,0.43,1.76,0.68,1
2018-05-04,74.35,76.33,73.67,76.01,86365,1.66,2.66,2.18,3.5,1.33,1
2018-05-03,75.31,75.31,74.0,74.68,79538,-0.63,1.31,-0.84,1.75,0.66,-1
2018-05-02,75.68,76.19,75.16,75.62,58929,-0.06,1.03,-0.08,1.36,0.52,-1
2018-05-01,77.06,78.55,74.61,75.88,91081,-1.18,3.94,-1.56,5.19,1.97,-1
2018-04-30,77.9,78.75,76.75,77.04,120749,-0.86,2.0,-1.12,2.6,1.0,-1
2018-04-27,77.61,79.15,77.19,77.8,69957,0.19,1.96,0.24,2.52,0.98,1
2018-04-26,76.29,78.06,75.43,77.69,72818,1.4,2.63,1.8,3.39,1.31,1
2018-04-25,76.6,77.29,76.07,76.26,65123,-0.34,1.22,-0.45,1.6,0.61,-1
2018-04-24,76.76,77.43,76.01,76.72,58756,-0.04,1.42,-0.05,1.85,0.71,1
2018-04-23,76.54,77.9,76.27,76.52,72726,-0.02,1.63,-0.03,2.13,0.82,1
2018-04-20,76.6,77.0,75.97,76.25,91297,-0.35,1.03,-0.46,1.35,0.52,-1
2018-04-19,77.67,77.76,75.64,76.94,69763,-0.73,2.12,-0.95,2.76,1.06,-1
2018-04-18,78.5,79.42,78.1,78.17,97327,-0.33,1.32,-0.42,1.69,0.66,1
2018-04-17,78.48,78.48,77.4,78.1,79280,-0.38,1.08,-0.49,1.38,0.54,1
2018-04-16,77.5,78.16,76.44,77.86,229508,0.36,1.72,0.46,2.21,0.86,1
2018-04-13,78.46,78.46,76.86,77.02,120531,-1.44,1.6,-1.87,2.08,0.8,-1
2018-04-12,77.95,78.62,77.58,78.06,129955,0.11,1.04,0.14,1.33,0.52,1
2018-04-11,76.11,77.96,76.11,77.73,131832,1.62,1.85,2.08,2.38,0.92,1
2018-04-10,74.97,76.5,73.97,76.43,97428,1.46,2.53,1.91,3.31,1.27,1
2018-04-09,75.95,75.95,73.3,73.93,131800,-2.02,2.65,-2.73,3.58,1.33,-1
2018-04-06,76.07,77.48,74.25,75.45,195696,-0.62,3.23,-0.82,4.28,1.62,-1
2018-04-05,76.23,78.01,76.23,76.61,255319,0.38,1.78,0.5,2.32,0.89,1
2018-04-04,73.12,75.91,73.12,75.59,226494,2.47,2.79,3.27,3.69,1.39,1
2018-04-03,73.1,74.66,73.1,74.61,149190,1.51,1.56,2.02,2.09,0.78,1
2018-04-02,73.92,73.92,72.01,72.71,192795,-1.21,1.91,-1.66,2.63,0.95,-1
2018-03-29,74.5,76.87,72.05,74.56,356259,0.06,4.82,0.08,6.46,2.41,-1
2018-03-28,77.05,78.33,75.43,75.5,220244,-1.55,2.9,-2.05,3.84,1.45,-1
2018-03-27,80.16,80.29,76.46,76.9,151282,-3.26,3.83,-4.24,4.98,1.92,-1
2018-03-26,77.58,79.58,76.97,79.52,154953,1.94,2.61,2.44,3.28,1.3,1
2018-03-23,78.67,79.03,76.32,76.39,137618,-2.28,2.71,-2.98,3.55,1.36,-1
2018-03-22,79.74,80.78,78.32,78.41,139510,-1.33,2.46,-1.7,3.14,1.23,-1
2018-03-21,79.41,81.46,79.36,80.47,61435,1.06,2.1,1.32,2.61,1.05,1
2018-03-20,79.52,80.27,78.83,79.48,104361,-0.04,1.44,-0.05,1.81,0.72,-1
2018-03-19,80.15,80.38,78.54,79.53,58169,-0.62,1.84,-0.78,2.31,0.92,-1
2018-03-16,79.53,80.52,79.14,80.5,209340,0.97,1.38,1.2,1.71,0.69,1
2018-03-15,80.04,81.5,79.01,79.52,76353,-0.52,2.49,-0.65,3.13,1.24,-1
2018-03-14,80.55,80.95,78.98,79.68,90717,-0.87,1.97,-1.09,2.47,0.98,-1
2018-03-13,80.95,81.58,80.2,80.25,56174,-0.7,1.38,-0.87,1.72,0.69,-1
2018-03-12,82.05,82.36,79.77,80.68,139880,-1.37,2.59,-1.7,3.21,1.3,-1
2018-03-09,82.48,82.48,81.26,82.04,99425,-0.44,1.22,-0.54,1.49,0.61,1
2018-03-08,82.91,82.91,80.83,81.83,89225,-1.08,2.08,-1.32,2.54,1.04,-1
2018-03-07,82.97,83.83,82.42,82.51,99868,-0.46,1.41,-0.56,1.71,0.7,-1
2018-03-06,82.75,83.75,81.36,83.54,101452,0.79,2.39,0.95,2.86,1.2,1
2018-03-05,81.59,83.23,81.05,82.46,87721,0.87,2.18,1.06,2.64,1.09,1
2018-03-02,79.7,82.16,78.32,81.95,70368,2.25,3.84,2.75,4.69,1.92,1
2018-03-01,79.84,81.43,78.18,80.41,97259,0.57,3.25,0.71,4.04,1.62,1
2018-02-28,81.62,82.75,79.92,79.92,125927,-1.7,2.83,-2.13,3.54,1.41,-1
2018-02-27,83.26,83.52,81.37,81.38,93237,-1.88,2.15,-2.31,2.64,1.07,-1
2018-02-26,81.36,83.15,80.85,82.86,92518,1.5,2.3,1.81,2.78,1.15,1
2018-02-23,81.05,81.2,80.05,80.96,57978,-0.09,1.15,-0.11,1.42,0.58,1
2018-02-22,81.51,81.7,79.38,80.49,115041,-1.02,2.32,-1.27,2.88,1.16,-1
2018-02-21,79.67,82.55,79.67,81.33,98866,1.66,2.88,2.04,3.54,1.44,1
2018-02-20,78.68,80.19,77.76,79.34,102107,0.66,2.43,0.83,3.06,1.21,-1
2018-02-16,79.53,80.17,78.91,79.37,86321,-0.16,1.26,-0.2,1.59,0.63,-1
2018-02-15,80.42,80.45,78.38,79.87,80202,-0.55,2.07,-0.69,2.59,1.04,-1
2018-02-14,78.05,80.22,77.4,79.94,58750,1.89,2.82,2.36,3.53,1.41,1
2018-02-13,78.71,79.74,77.94,78.38,69789,-0.33,1.8,-0.42,2.3,0.9,-1
2018-02-12,78.0,79.34,76.69,79.09,91507,1.09,2.65,1.38,3.35,1.33,1
2018-02-09,77.29,78.97,75.14,77.8,107899,0.51,3.83,0.66,4.92,1.91,1
2018-02-08,79.83,80.37,76.43,76.52,112869,-3.31,3.94,-4.33,5.15,1.97,-1
2018-02-07,77.63,81.24,77.63,79.91,96881,2.28,3.61,2.85,4.52,1.8,1
2018-02-06,75.17,78.59,74.61,77.58,166084,2.41,3.98,3.11,5.13,1.99,1
2018-02-05,78.82,79.2,76.47,76.59,82194,-2.23,2.73,-2.91,3.56,1.37,-1
2018-02-02,79.08,79.83,78.97,79.2,173500,0.12,0.86,0.15,1.09,0.43,-1
2018-02-01,77.98,79.29,77.27,79.26,160080,1.28,2.02,1.61,2.55,1.01,1
2018-01-31,80.95,80.95,78.55,78.8,125988,-2.15,2.4,-2.73,3.05,1.2,-1
2018-01-30,81.11,81.94,80.68,80.86,80832,-0.25,1.26,-0.31,1.56,0.63,-1
2018-01-29,84.08,84.28,81.57,81.68,188308,-2.4,2.71,-2.94,3.32,1.36,-1
2018-01-26,84.15,84.32,82.85,84.2,108891,0.05,1.47,0.06,1.75,0.73,1
2018-01-25,82.84,84.0,81.15,83.92,123135,1.08,2.85,1.29,3.4,1.42,1
2018-01-24,82.96,83.52,82.09,82.44,95663,-0.52,1.43,-0.63,1.73,0.71,-1
2018-01-23,82.05,83.2,81.8,82.93,81218,0.88,1.4,1.06,1.69,0.7,1
2018-01-22,83.83,83.83,81.81,82.37,76772,-1.46,2.02,-1.77,2.45,1.01,-1
2018-01-19,80.4,83.83,80.4,83.64,119383,3.24,3.43,3.87,4.1,1.71,1
2018-01-18,81.05,82.13,80.44,80.6,71533,-0.45,1.69,-0.56,2.1,0.84,-1
2018-01-17,82.37,82.39,80.66,81.16,144815,-1.21,1.73,-1.49,2.13,0.87,-1
2018-01-16,83.05,84.07,81.54,81.6,120821,-1.45,2.53,-1.78,3.1,1.26,-1
2018-01-12,82.65,82.9,81.77,82.28,94099,-0.37,1.13,-0.45,1.37,0.57,1
2018-01-11,81.44,82.3,80.57,82.17,145547,0.73,1.73,0.89,2.11,0.87,1
2018-01-10,78.94,81.24,77.1,81.23,102525,2.29,4.14,2.82,5.1,2.07,1
2018-01-09,79.9,80.0,77.92,78.59,102788,-1.31,2.08,-1.67,2.65,1.04,-1
2018-01-08,80.05,81.36,79.07,79.25,129773,-0.8,2.29,-1.01,2.89,1.15,-1
2018-01-05,79.65,80.58,79.19,80.01,170503,0.36,1.39,0.45,1.74,0.7,1
2018-01-04,78.66,79.44,76.85,79.41,145460,0.75,2.59,0.94,3.26,1.3,1
2018-01-03,77.25,77.37,75.91,76.31,143495,-0.94,1.46,-1.23,1.91,0.73,-1
2018-01-02,75.65,77.35,75.29,77.35,242572,1.7,2.06,2.2,2.66,1.03,1
2017-12-29,76.04,76.09,75.16,75.19,62177,-0.85,0.93,-1.13,1.24,0.47,-1
2017-12-28,75.9,76.47,75.72,75.83,55130,-0.07,0.75,-0.09,0.99,0.38,1
2017-12-27,75.45,76.15,75.3,75.72,55616,0.27,0.85,0.36,1.12,0.43,1
2017-12-26,74.81,75.64,74.75,75.33,53195,0.52,0.89,0.69,1.18,0.45,1
2017-12-22,74.89,75.08,73.54,74.7,281608,-0.19,1.54,-0.25,2.06,0.77,1
2017-12-21,73.21,74.23,72.83,74.13,78598,0.92,1.4,1.24,1.89,0.7,1
2017-12-20,71.83,73.23,71.34,73.03,110507,1.2,1.89,1.64,2.59,0.95,1
2017-12-19,72.65,73.15,71.79,72.48,141526,-0.17,1.36,-0.23,1.88,0.68,-1
2017-12-18,72.65,73.19,72.25,72.69,149414,0.04,0.94,0.06,1.29,0.47,1
2017-12-15,70.41,72.95,70.11,72.28,302549,1.87,2.84,2.59,3.93,1.42,1
2017-12-14,70.95,71.68,70.03,70.34,148708,-0.61,1.65,-0.87,2.35,0.83,-1
2017-12-13,69.74,71.77,69.55,70.76,115251,1.02,2.22,1.44,3.14,1.11,1
2017-12-12,70.79,70.92,69.63,69.96,97855,-0.83,1.29,-1.19,1.84,0.65,-1
2017-12-11,71.36,71.36,70.35,70.59,120062,-0.77,1.01,-1.09,1.43,0.51,-1
2017-12-08,72.61,72.9,70.89,70.98,132822,-1.63,2.01,-2.3,2.83,1.01,-1
2017-12-07,72.5,72.92,71.93,72.58,406406,0.08,0.99,0.11,1.36,0.49,1
2017-12-06,69.27,73.62,69.08,72.05,515384,2.78,4.54,3.86,6.3,2.27,1
2017-12-05,66.68,67.75,65.15,66.18,140149,-0.5,2.6,-0.76,3.93,1.3,-1
2017-12-04,66.45,68.24,65.92,66.46,135565,0.01,2.32,0.02,3.49,1.16,1
2017-12-01,66.97,67.0,63.81,66.03,198841,-0.94,3.19,-1.42,4.83,1.59,-1
2017-11-30,70.1,70.89,67.98,69.0,198302,-1.1,2.91,-1.59,4.22,1.45,-1
2017-11-29,66.45,70.3,66.21,69.85,161167,3.4,4.09,4.87,5.86,2.05,1
2017-11-28,64.91,66.59,64.71,66.33,104626,1.42,1.88,2.14,2.83,0.94,1
2017-11-27,65.45,66.16,64.6,64.81,88621,-0.64,1.56,-0.99,2.41,0.78,-1
2017-11-24,65.64,65.64,64.76,65.11,34992,-0.53,0.88,-0.81,1.35,0.44,-1
2017-11-22,65.52,66.75,65.43,65.49,66151,-0.03,1.32,-0.05,2.02,0.66,-1
2017-11-21,65.95,66.18,65.17,65.5,72242,-0.45,1.01,-0.69,1.54,0.51,-1
2017-11-20,65.65,66.08,65.22,66.04,85860,0.39,0.86,0.59,1.3,0.43,1
2017-11-17,64.4,65.5,64.35,65.35,66438,0.95,1.15,1.45,1.76,0.58,1
2017-11-16,63.13,64.52,62.98,64.41,122216,1.28,1.54,1.99,2.39,0.77,1
2017-11-15,62.76,63.5,62.6,63.21,65950,0.45,0.91,0.71,1.43,0.45,1
2017-11-14,63.05,63.3,62.52,63.06,66966,0.01,0.78,0.02,1.24,0.39,-1
2017-11-13,63.38,64.19,62.95,63.23,65757,-0.15,1.24,-0.24,1.96,0.62,-1
2017-11-10,61.74,64.0,61.74,63.56,99385,1.82,2.26,2.86,3.56,1.13,1
2017-11-09,61.13,61.93,60.42,61.53,81449,0.4,1.52,0.65,2.46,0.76,1
2017-11-08,62.17,62.19,60.6,61.46,90985,-0.71,1.59,-1.16,2.59,0.79,-1
2017-11-07,63.08,63.7,61.12,62.17,359757,-0.91,2.58,-1.46,4.15,1.29,-1
2017-11-06,62.95,63.87,62.61,63.01,90617,0.06,1.26,0.1,2.0,0.63,1
2017-11-03,63.55,63.9,62.56,62.7,92807,-0.85,1.34,-1.36,2.15,0.67,-1
2017-11-02,64.33,64.83,62.93,63.59,78531,-0.74,1.9,-1.16,2.99,0.95,-1
2017-11-01,64.86,65.01,63.23,64.04,82045,-0.82,1.78,-1.28,2.78,0.89,-1
2017-10-31,64.31,64.99,63.7,64.6,106065,0.29,1.29,0.45,2.0,0.64,1
2017-10-30,65.21,65.21,63.88,64.59,73336,-0.62,1.33,-0.96,2.06,0.66,-1
2017-10-27,65.37,65.57,64.28,65.22,70278,-0.15,1.28,-0.23,1.97,0.64,-1
2017-10-26,65.66,66.03,65.25,65.43,69855,-0.23,0.78,-0.35,1.18,0.39,-1
2017-10-25,65.46,66.03,64.5,65.51,71471,0.05,1.53,0.08,2.33,0.76,-1
2017-10-24,65.48,65.94,65.06,65.67,84744,0.19,0.88,0.29,1.34,0.44,1
2017-10-23,65.06,65.88,64.16,65.24,82472,0.18,1.72,0.28,2.63,0.86,1
2017-10-20,65.56,66.25,64.53,64.96,208578,-0.6,1.72,-0.92,2.65,0.86,1
2017-10-19,64.78,65.21,63.78,64.94,122448,0.16,1.43,0.25,2.2,0.71,-1
2017-10-18,64.33,65.2,64.0,64.98,116657,0.65,1.21,1.0,1.86,0.61,1
2017-10-17,63.21,64.36,63.21,63.77,71612,0.56,1.15,0.88,1.8,0.57,1
2017-10-16,63.46,64.04,62.85,63.02,177560,-0.44,1.19,-0.7,1.89,0.6,-1
2017-10-13,63.65,64.48,63.21,63.63,207501,-0.02,1.27,-0.03,2.0,0.64,1
2017-10-12,63.08,63.33,61.81,63.22,108609,0.14,1.52,0.22,2.4,0.76,-1
2017-10-11,63.7,64.06,62.96,63.29,93568,-0.41,1.1,-0.65,1.74,0.55,-1
2017-10-10,63.09,64.16,62.76,63.78,105849,0.69,1.4,1.08,2.2,0.7,1
2017-10-09,64.4,64.4,62.84,62.96,119125,-1.44,1.56,-2.29,2.48,0.78,-1
2017-10-06,64.77,64.8,64.0,64.4,153394,-0.37,0.8,-0.57,1.25,0.4,-1
2017-10-05,65.34,65.83,63.95,64.89,160420,-0.45,1.88,-0.69,2.9,0.94,-1
2017-10-04,65.4,65.89,65.09,65.43,254073,0.03,0.8,0.05,1.22,0.4,1
2017-10-03,64.89,65.29,64.21,65.27,142596,0.38,1.08,0.58,1.65,0.54,1
2017-10-02,63.62,64.9,63.09,64.84,208489,1.22,1.81,1.88,2.79,0.91,1
2017-09-29,62.97,63.9,62.97,63.54,94757,0.57,0.94,0.9,1.47,0.47,1
2017-09-28,63.8,64.49,62.39,62.96,123406,-0.84,2.1,-1.33,3.34,1.05,-1
2017-09-27,61.41,63.94,61.11,63.87,151046,2.46,2.83,3.85,4.43,1.41,1
2017-09-26,61.25,61.8,60.72,61.38,157984,0.13,1.08,0.21,1.76,0.54,1
2017-09-25,59.91,62.1,59.91,61.13,237784,1.22,2.19,2.0,3.58,1.1,1
2017-09-22,59.57,60.2,59.52,60.16,142578,0.59,0.68,0.98,1.13,0.34,1
2017-09-21,60.18,60.35,59.39,59.74,87585,-0.44,0.96,-0.74,1.61,0.48,-1
2017-09-20,59.71,60.8,59.71,60.12,256178,0.41,1.09,0.68,1.8,0.54,1
2017-09-19,59.55,60.09,59.44,60.05,187211,0.5,0.65,0.83,1.07,0.32,1
2017-09-18,60.28,60.5,59.23,59.68,117351,-0.6,1.27,-1.01,2.13,0.64,-1
2017-09-15,59.95,60.5,58.98,60.32,391320,0.37,1.52,0.61,2.52,0.76,1
2017-09-14,60.63,60.71,58.91,59.61,144244,-1.02,1.8,-1.71,3.02,0.9,-1
2017-09-13,59.9,60.77,59.65,60.75,137775,0.85,1.12,1.4,1.84,0.56,1
2017-09-12,60.26,60.39,59.4,59.65,267468,-0.61,0.99,-1.02,1.67,0.5,-1
2017-09-11,60.6,61.21,60.05,60.2,167238,-0.4,1.16,-0.66,1.93,0.58,-1
2017-09-08,62.56,63.26,59.81,60.26,217874,-2.3,3.45,-3.82,5.73,1.72,-1
2017-09-07,65.07,65.07,64.0,64.21,117718,-0.86,1.07,-1.34,1.67,0.53,-1
2017-09-06,63.77,65.1,63.77,64.76,270550,0.99,1.32,1.53,2.05,0.66,1
2017-09-05,62.75,63.91,62.69,63.61,280308,0.86,1.22,1.35,1.91,0.61,1
2017-09-01,58.7,64.0,58.15,62.73,699247,4.03,5.85,6.42,9.33,2.93,1
2017-08-31,58.66,59.2,57.54,57.81,287925,-0.85,1.66,-1.47,2.87,0.83,-1
2017-08-30,59.68,59.96,58.42,58.44,251152,-1.24,1.54,-2.12,2.64,0.77,-1
2017-08-29,59.65,59.98,59.02,59.69,105383,0.04,0.96,0.07,1.61,0.48,-1
2017-08-28,60.11,60.44,59.46,59.86,136837,-0.25,0.98,-0.42,1.63,0.49,-1
2017-08-25,58.34,60.27,57.8,60.03,150290,1.69,2.47,2.82,4.11,1.24,1
2017-08-24,58.5,59.08,57.87,58.2,202607,-0.3,1.21,-0.52,2.07,0.6,1
2017-08-23,57.55,58.65,57.36,57.92,118731,0.37,1.29,0.64,2.23,0.64,1
2017-08-22,58.23,59.64,57.51,57.82,116280,-0.41,2.13,-0.71,3.68,1.07,-1
2017-08-21,57.89,58.73,57.41,58.06,88422,0.17,1.32,0.29,2.27,0.66,1
2017-08-18,58.3,58.3,57.72,57.98,94812,-0.32,0.58,-0.55,1.0,0.29,-1
2017-08-17,59.49,59.92,58.51,58.65,133753,-0.84,1.41,-1.43,2.4,0.7,-1
2017-08-16,60.13,61.05,59.64,59.87,227493,-0.26,1.41,-0.43,2.36,0.7,-1
2017-08-15,61.94,61.94,59.69,60.0,88186,-1.94,2.25,-3.23,3.75,1.12,-1
2017-08-14,61.82,62.6,61.68,61.93,68898,0.11,0.92,0.18,1.49,0.46,1
2017-08-11,58.29,61.98,58.29,61.44,134580,3.15,3.69,5.13,6.01,1.84,1
2017-08-10,61.13,61.3,59.85,60.51,96619,-0.62,1.45,-1.02,2.39,0.72,-1
2017-08-09,62.17,62.47,61.31,61.51,79703,-0.66,1.16,-1.07,1.89,0.58,-1
2017-08-08,62.69,63.07,62.1,62.47,130027,-0.22,0.97,-0.35,1.55,0.48,-1
2017-08-07,62.14,62.7,61.93,62.48,138584,0.34,0.77,0.54,1.22,0.38,1
2017-08-04,62.66,63.71,61.92,62.07,106061,-0.59,1.79,-0.95,2.88,0.89,-1
2017-08-03,62.83,63.47,61.6,62.31,70591,-0.52,1.87,-0.83,2.99,0.93,-1
2017-08-02,63.68,64.0,62.72,62.82,68808,-0.86,1.28,-1.37,2.04,0.64,-1
2017-08-01,63.43,63.73,61.58,63.65,80402,0.22,2.15,0.35,3.38,1.07,1
2017-07-31,63.1,63.14,62.05,63.13,104184,0.03,1.09,0.05,1.73,0.55,1
2017-07-28,62.66,63.05,62.13,62.92,72985,0.26,0.92,0.41,1.46,0.46,1
2017-07-27,63.05,63.05,61.96,62.81,61722,-0.24,1.09,-0.38,1.74,0.54,-1
2017-07-26,63.25,63.66,61.72,63.0,38987,-0.25,1.94,-0.4,3.08,0.97,-1
2017-07-25,62.5,63.83,62.18,63.15,77292,0.65,1.64,1.03,2.6,0.82,1
2017-07-24,62.38,63.03,61.88,62.15,60666,-0.23,1.16,-0.37,1.86,0.58,-1
2017-07-21,63.2,63.25,62.28,62.69,64897,-0.51,0.97,-0.81,1.55,0.48,-1
2017-07-20,62.71,63.45,61.97,63.03,123227,0.32,1.48,0.51,2.35,0.74,1
2017-07-19,61.59,63.43,61.59,62.66,180298,1.07,1.84,1.71,2.94,0.92,1
2017-07-18,61.02,61.18,60.54,60.86,59050,-0.16,0.64,-0.26,1.05,0.32,-1
2017-07-17,60.05,62.11,59.82,61.23,107483,1.18,2.29,1.93,3.74,1.14,1
2017-07-14,60.24,60.94,59.89,59.92,130877,-0.32,1.05,-0.53,1.75,0.52,-1
2017-07-13,59.61,60.37,59.1,60.25,117782,0.64,1.27,1.06,2.11,0.63,1
2017-07-12,59.54,60.0,59.14,59.48,68234,-0.06,0.86,-0.1,1.45,0.43,1
2017-07-11,59.81,60.3,58.6,59.17,98497,-0.64,1.7,-1.08,2.88,0.85,-1
2017-07-10,59.78,60.16,58.41,59.89,136373,0.11,1.75,0.18,2.92,0.88,-1
2017-07-07,59.92,60.44,59.62,60.03,173961,0.11,0.82,0.18,1.37,0.41,1
2017-07-06,61.24,61.55,59.31,59.6,116301,-1.64,2.24,-2.75,3.76,1.12,-1
2017-07-05,63.08,64.44,61.14,61.7,181278,-1.38,3.3,-2.24,5.36,1.65,-1
2017-07-03,62.75,63.65,62.56,63.33,95257,0.58,1.09,0.92,1.72,0.54,1
2017-06-30,62.77,63.3,62.36,62.49,115501,-0.28,0.94,-0.45,1.5,0.47,-1
2017-06-29,62.92,63.02,61.9,62.55,86956,-0.37,1.12,-0.59,1.79,0.56,-1
2017-06-28,62.25,63.04,62.17,62.76,224163,0.51,0.87,0.81,1.39,0.43,1
2017-06-27,61.98,62.54,61.56,61.84,261135,-0.14,0.98,-0.23,1.58,0.49,-1
2017-06-26,62.97,63.29,61.94,62.05,170280,-0.92,1.35,-1.48,2.18,0.68,-1
2017-06-23,61.51,63.04,61.12,62.77,321265,1.26,1.92,2.01,3.06,0.96,1
2017-06-22,60.47,61.54,60.17,61.43,123240,0.96,1.37,1.56,2.23,0.68,1
2017-06-21,61.15,61.77,60.35,60.48,129074,-0.67,1.42,-1.11,2.35,0.71,-1
2017-06-20,62.85,62.85,60.9,60.92,99424,-1.93,1.95,-3.17,3.2,0.98,-1
2017-06-19,62.8,63.1,62.2,62.82,114667,0.02,0.9,0.03,1.43,0.45,1
2017-06-16,62.24,62.8,61.92,62.66,166869,0.42,0.88,0.67,1.4,0.44,-1
2017-06-15,62.16,63.06,61.8,62.87,131607,0.71,1.25,1.13,1.99,0.63,-1
2017-06-14,62.83,63.27,62.12,62.97,199336,0.14,1.15,0.22,1.83,0.58,1
2017-06-13,62.46,62.96,61.82,62.61,206389,0.15,1.14,0.24,1.82,0.57,1
2017-06-12,61.49,63.53,61.38,62.15,227952,0.66,2.15,1.06,3.46,1.07,1
2017-06-09,59.63,62.3,59.49,61.49,287188,1.86,2.8,3.02,4.56,1.4,1
2017-06-08,57.8,60.57,57.19,59.5,275328,1.7,3.38,2.86,5.68,1.69,1
2017-06-07,58.2,58.49,56.4,57.75,533208,-0.45,2.09,-0.78,3.62,1.05,-1
2017-06-06,56.95,59.66,56.95,59.61,405813,2.66,2.71,4.46,4.55,1.35,1
2017-06-05,56.1,57.49,55.71,57.12,231497,1.02,1.78,1.79,3.12,0.89,1
2017-06-02,55.94,56.79,54.96,56.45,140413,0.51,1.83,0.9,3.24,0.91,1
2017-06-01,53.85,55.57,53.54,55.52,147035,1.67,2.03,3.01,3.66,1.02,1
2017-05-31,53.92,54.03,52.89,53.74,64058,-0.18,1.14,-0.33,2.12,0.57,-1
2017-05-30,53.43,54.24,53.34,53.85,87590,0.42,0.9,0.78,1.67,0.45,1
2017-05-26,54.8,54.89,53.38,53.48,158657,-1.32,1.51,-2.47,2.82,0.75,-1
2017-05-25,53.71,55.02,53.37,54.88,125508,1.17,1.65,2.13,3.01,0.83,1
2017-05-24,54.28,54.34,52.62,53.26,140960,-1.02,1.72,-1.92,3.23,0.86,-1
2017-05-23,54.8,54.82,54.04,54.22,78293,-0.58,0.78,-1.07,1.44,0.39,-1
2017-05-22,54.59,55.58,54.5,54.78,100998,0.19,1.08,0.35,1.96,0.54,1
2017-05-19,53.59,54.66,53.03,54.48,123510,0.89,1.63,1.63,2.99,0.81,1
2017-05-18,53.26,54.11,53.23,53.63,153402,0.37,0.88,0.69,1.64,0.44,1
2017-05-17,54.0,54.17,53.14,53.15,125042,-0.85,1.03,-1.6,1.94,0.52,-1
2017-05-16,56.23,56.23,54.58,54.76,93195,-1.47,1.65,-2.68,3.01,0.82,-1
2017-05-15,56.8,57.22,55.93,56.06,73140,-0.74,1.29,-1.32,2.3,0.64,-1
2017-05-12,58.1,58.1,56.22,56.78,126280,-1.32,1.88,-2.32,3.31,0.94,-1
2017-05-11,59.77,59.77,56.61,57.87,234822,-1.9,3.16,-3.28,5.46,1.58,-1
2017-05-10,58.86,60.4,58.86,60.37,189584,1.51,1.54,2.5,2.55,0.77,1
2017-05-09,58.37,59.19,58.34,59.11,80252,0.74,0.85,1.25,1.44,0.42,1
2017-05-08,57.25,58.94,57.24,58.31,162354,1.06,1.7,1.82,2.92,0.85,1
2017-05-05,57.21,58.04,56.88,57.22,161714,0.01,1.16,0.02,2.03,0.58,1
2017-05-04,57.19,57.19,56.28,57.09,78857,-0.1,0.91,-0.18,1.59,0.45,1
2017-05-03,57.52,57.66,56.56,56.89,91229,-0.63,1.1,-1.11,1.93,0.55,-1
2017-05-02,56.77,58.08,56.67,57.73,135468,0.96,1.41,1.66,2.44,0.7,1
2017-05-01,57.82,57.89,55.68,56.67,306507,-1.15,2.21,-2.03,3.89,1.1,-1
2017-04-28,59.55,59.55,57.68,57.98,168715,-1.57,1.87,-2.71,3.23,0.93,-1
2017-04-27,59.36,59.39,58.61,59.25,126444,-0.11,0.78,-0.19,1.32,0.39,1
2017-04-26,58.62,59.52,57.92,59.12,148046,0.5,1.6,0.85,2.71,0.8,1
2017-04-25,57.92,58.47,57.45,58.34,145410,0.42,1.02,0.72,1.75,0.51,1
2017-04-24,56.82,57.78,56.62,57.48,154974,0.66,1.16,1.15,2.03,0.58,1
2017-04-21,57.35,57.96,55.88,55.98,135663,-1.37,2.08,-2.45,3.72,1.04,-1
2017-04-20,56.67,57.67,56.67,57.44,155032,0.77,1.0,1.34,1.74,0.5,1
2017-04-19,55.51,56.6,55.31,56.45,158944,0.94,1.29,1.67,2.29,0.64,1
2017-04-18,54.17,55.39,52.54,55.17,153801,1.0,2.85,1.81,5.17,1.43,1
2017-04-17,54.98,55.07,54.35,54.77,117776,-0.21,0.72,-0.38,1.31,0.36,-1
2017-04-13,55.09,55.49,54.57,54.78,144433,-0.31,0.92,-0.57,1.68,0.46,-1
2017-04-12,55.49,55.56,55.02,55.16,128844,-0.33,0.54,-0.6,0.98,0.27,-1
2017-04-11,54.49,55.8,54.34,55.75,174359,1.26,1.46,2.26,2.62,0.73,1
2017-04-10,54.68,55.67,54.43,54.99,236904,0.31,1.24,0.56,2.25,0.62,1
2017-04-07,54.04,54.78,53.69,54.68,245995,0.64,1.09,1.17,1.99,0.55,1
2017-04-06,54.19,55.44,54.06,54.39,289601,0.2,1.38,0.37,2.54,0.69,1
2017-04-05,54.68,54.82,53.7,54.1,206568,-0.58,1.12,-1.07,2.07,0.56,-1
2017-04-04,55.6,56.03,54.18,54.3,138470,-1.3,1.85,-2.39,3.41,0.93,-1
2017-04-03,57.67,57.73,55.59,55.66,234902,-2.01,2.14,-3.61,3.85,1.07,-1
2017-03-31,58.22,58.59,57.06,57.26,238084,-0.96,1.53,-1.68,2.67,0.77,-1
2017-03-30,59.05,59.05,57.85,58.15,144475,-0.9,1.2,-1.55,2.06,0.6,-1
2017-03-29,57.72,59.32,56.42,58.97,164759,1.25,2.9,2.12,4.92,1.45,1
2017-03-28,56.99,58.25,56.44,57.99,194685,1.0,1.81,1.72,3.12,0.91,1
2017-03-27,55.45,57.91,54.92,57.15,416494,1.7,2.99,2.97,5.23,1.49,1
2017-03-24,49.5,56.62,49.5,56.43,794508,6.93,7.12,12.28,12.62,3.56,1
2017-03-23,52.91,54.17,52.37,53.46,560269,0.55,1.8,1.03,3.37,0.9,1
2017-03-22,52.64,52.96,51.75,52.49,292007,-0.15,1.2,-0.29,2.3,0.6,-1
2017-03-21,55.19,55.19,51.9,52.5,239988,-2.69,3.29,-5.12,6.27,1.64,-1
2017-03-20,56.74,56.74,54.66,54.79,268799,-1.95,2.08,-3.56,3.8,1.04,-1
2017-03-17,56.04,57.01,55.45,56.86,240845,0.82,1.56,1.44,2.74,0.78,1
2017-03-16,54.57,57.26,54.26,56.0,282587,1.43,3.0,2.55,5.36,1.5,1
2017-03-15,53.37,54.43,52.88,53.71,208192,0.34,1.55,0.63,2.89,0.77,1
2017-03-14,52.53,53.17,52.4,53.17,93216,0.64,0.77,1.2,1.45,0.39,1
2017-03-13,52.83,53.23,51.55,52.75,356962,-0.08,1.68,-0.15,3.19,0.84,1
2017-03-10,52.36,52.89,51.81,52.4,110522,0.04,1.08,0.08,2.06,0.54,1
2017-03-09,53.97,54.22,52.09,52.27,132455,-1.7,2.13,-3.25,4.07,1.06,-1
2017-03-08,53.68,54.18,53.1,54.17,325980,0.49,1.09,0.9,2.0,0.54,1
2017-03-07,53.97,54.11,53.32,53.49,141055,-0.48,0.79,-0.9,1.48,0.39,-1
2017-03-06,54.83,55.0,53.67,54.0,111671,-0.83,1.33,-1.54,2.46,0.66,-1
2017-03-03,56.69,56.9,54.21,54.75,126184,-1.94,2.69,-3.54,4.91,1.34,-1
2017-03-02,56.89,57.3,56.43,56.67,93255,-0.22,0.87,-0.39,1.54,0.43,-1
2017-03-01,56.85,57.22,55.62,57.06,179323,0.21,1.6,0.37,2.8,0.8,1
2017-02-28,57.46,57.54,55.83,56.21,136279,-1.25,1.71,-2.22,3.04,0.86,-1
2017-02-27,57.34,57.8,56.96,57.55,77073,0.21,0.84,0.36,1.46,0.42,1
2017-02-24,55.96,57.55,54.33,57.28,86988,1.32,3.22,2.3,5.62,1.61,1
2017-02-23,58.13,58.13,56.04,56.23,127319,-1.9,2.09,-3.38,3.72,1.05,-1
2017-02-22,56.89,58.02,56.84,57.63,114585,0.74,1.18,1.28,2.05,0.59,1
2017-02-21,56.58,57.39,56.58,57.05,93861,0.47,0.81,0.82,1.42,0.41,1
2017-02-17,56.42,56.64,55.69,56.46,146627,0.04,0.95,0.07,1.68,0.47,-1
2017-02-16,56.07,56.55,55.22,56.55,158288,0.48,1.33,0.85,2.36,0.67,1
2017-02-15,55.33,56.37,55.25,56.17,107874,0.84,1.12,1.5,1.99,0.56,1
2017-02-14,55.5,56.31,55.5,55.86,84904,0.36,0.81,0.64,1.45,0.41,1
2017-02-13,56.47,56.47,55.28,55.66,108575,-0.81,1.19,-1.46,2.14,0.59,-1
2017-02-10,54.2,56.48,53.85,56.29,290658,2.09,2.63,3.71,4.67,1.31,1
2017-02-09,52.59,54.76,52.52,53.79,180376,1.2,2.24,2.23,4.17,1.12,1
2017-02-08,51.83,52.73,51.35,52.43,139480,0.6,1.38,1.14,2.63,0.69,1
2017-02-07,53.78,53.78,51.78,52.1,92823,-1.68,2.0,-3.22,3.83,1.0,-1
2017-02-06,52.96,53.88,52.46,53.5,70424,0.54,1.42,1.01,2.65,0.71,1
2017-02-03,52.77,53.39,51.55,53.17,105602,0.4,1.84,0.75,3.46,0.92,1
2017-02-02,53.6,54.0,52.8,52.94,103939,-0.66,1.2,-1.25,2.27,0.6,-1
2017-02-01,55.05,55.13,54.04,54.2,141606,-0.85,1.09,-1.57,2.01,0.54,-1
2017-01-31,52.84,55.05,51.98,55.02,119444,2.18,3.07,3.96,5.58,1.54,1
2017-01-30,53.58,54.24,52.87,53.69,97421,0.11,1.37,0.2,2.56,0.69,-1
2017-01-27,54.47,54.47,53.42,54.07,194231,-0.4,1.05,-0.74,1.94,0.52,-1
2017-01-26,54.9,55.49,54.1,54.51,157657,-0.39,1.39,-0.72,2.55,0.7,-1
2017-01-25,54.23,55.5,54.23,54.96,131677,0.73,1.28,1.33,2.32,0.64,1
2017-01-24,52.78,54.11,52.26,53.98,286164,1.2,1.85,2.22,3.43,0.93,1
2017-01-23,52.38,52.63,51.81,52.36,176746,-0.02,0.82,-0.04,1.57,0.41,1
2017-01-20,53.05,53.51,51.88,52.26,190918,-0.79,1.63,-1.51,3.12,0.81,-1
2017-01-19,54.17,54.85,52.89,53.09,164069,-1.08,1.96,-2.03,3.69,0.98,-1
2017-01-18,55.64,55.64,52.75,54.0,197647,-1.64,2.89,-3.04,5.35,1.45,-1
2017-01-17,54.52,55.66,54.33,55.24,189696,0.72,1.33,1.3,2.41,0.66,1
2017-01-13,55.16,55.67,54.3,54.48,160230,-0.68,1.37,-1.25,2.51,0.69,-1
2017-01-12,55.97,56.5,54.44,55.03,227796,-0.94,2.06,-1.71,3.74,1.03,-1
2017-01-11,58.15,58.34,56.4,56.44,169820,-1.71,1.94,-3.03,3.43,0.97,-1
2017-01-10,57.59,58.29,57.01,58.16,429659,0.57,1.28,0.98,2.2,0.64,1
2017-01-09,58.14,58.28,56.88,57.29,201957,-0.85,1.41,-1.48,2.45,0.7,-1
2017-01-06,59.59,59.6,57.86,58.13,210370,-1.46,1.74,-2.51,2.99,0.87,-1
2017-01-05,60.13,60.13,58.06,59.48,190347,-0.65,2.07,-1.09,3.48,1.04,-1
2017-01-04,60.08,61.68,60.08,60.75,118264,0.67,1.6,1.1,2.63,0.8,1
2017-01-03,60.84,62.08,59.8,60.37,137502,-0.47,2.27,-0.78,3.77,1.14,1
2016-12-30,60.84,61.04,60.0,60.13,72496,-0.71,1.04,-1.18,1.73,0.52,-1
2016-12-29,61.14,61.97,60.68,60.82,111207,-0.32,1.29,-0.53,2.12,0.64,-1
2016-12-28,62.01,62.17,60.92,61.28,139026,-0.73,1.25,-1.19,2.04,0.62,-1
2016-12-27,61.02,62.24,61.02,61.9,240513,0.88,1.22,1.42,1.97,0.61,1
2016-12-23,60.99,61.89,60.76,60.97,157119,-0.02,1.13,-0.03,1.86,0.57,1
2016-12-22,61.5,61.87,60.63,60.9,272760,-0.6,1.24,-0.99,2.03,0.62,-1
2016-12-21,61.79,62.52,61.5,61.75,168722,-0.04,1.02,-0.06,1.65,0.51,-1
2016-12-20,60.85,62.27,60.52,62.0,101442,1.15,1.75,1.85,2.82,0.88,1
2016-12-19,60.54,61.17,60.41,60.67,167150,0.13,0.76,0.21,1.25,0.38,1
2016-12-16,61.66,61.85,60.41,60.59,285117,-1.07,1.44,-1.77,2.38,0.72,-1
2016-12-15,61.97,62.24,61.15,61.54,185771,-0.43,1.09,-0.7,1.77,0.55,-1
2016-12-14,63.18,63.34,61.88,61.9,133851,-1.28,1.46,-2.07,2.36,0.73,-1
2016-12-13,61.77,63.06,61.45,62.61,186208,0.84,1.61,1.34,2.57,0.8,1
2016-12-12,62.72,62.76,61.59,61.8,210304,-0.92,1.17,-1.49,1.89,0.58,-1
2016-12-09,62.74,63.15,61.95,62.74,280452,0.0,1.2,0.0,1.91,0.6,1
2016-12-08,64.04,64.17,61.35,62.41,569370,-1.63,2.82,-2.61,4.52,1.41,-1
2016-12-07,62.36,65.87,61.74,63.44,1516640,1.08,4.13,1.7,6.51,2.06,-1
2016-12-06,72.36,72.36,70.11,71.72,228485,-0.64,2.25,-0.89,3.14,1.12,1
2016-12-05,69.87,71.97,69.87,71.56,126739,1.69,2.1,2.36,2.93,1.05,1
2016-12-02,70.7,70.7,68.02,68.99,152645,-1.71,2.68,-2.48,3.88,1.34,-1
2016-12-01,72.7,73.55,70.33,70.5,316305,-2.2,3.22,-3.12,4.57,1.61,-1
2016-11-30,74.98,75.52,72.46,72.66,116580,-2.32,3.06,-3.19,4.2,1.53,-1
2016-11-29,75.56,76.0,74.87,75.04,99987,-0.52,1.13,-0.69,1.51,0.56,-1
2016-11-28,75.9,75.9,74.68,75.1,125545,-0.8,1.22,-1.07,1.62,0.61,-1
2016-11-25,75.51,76.19,75.2,76.12,33711,0.61,0.99,0.8,1.3,0.49,1
2016-11-23,75.5,75.71,74.4,75.55,59998,0.05,1.31,0.07,1.73,0.65,-1
2016-11-22,74.74,75.79,74.0,75.69,99721,0.95,1.79,1.26,2.36,0.9,1
2016-11-21,73.68,74.91,73.27,74.66,125596,0.98,1.64,1.31,2.2,0.82,1
2016-11-18,72.39,73.81,71.47,73.8,224750,1.41,2.34,1.91,3.17,1.17,1
2016-11-17,72.01,72.9,71.17,72.66,145195,0.65,1.73,0.89,2.38,0.87,1
2016-11-16,72.8,72.95,71.03,71.96,122685,-0.84,1.92,-1.17,2.67,0.96,-1
2016-11-15,74.59,74.75,72.17,72.98,167604,-1.61,2.58,-2.21,3.54,1.29,1
2016-11-14,70.84,73.14,70.79,71.73,167530,0.89,2.35,1.24,3.28,1.17,1
2016-11-11,66.34,70.03,66.14,69.94,174530,3.6,3.89,5.15,5.56,1.95,1
2016-11-10,65.45,67.04,64.78,66.6,126701,1.15,2.27,1.73,3.4,1.13,1
2016-11-09,62.24,65.16,60.85,64.77,124050,2.53,4.31,3.91,6.65,2.15,1
2016-11-08,62.32,63.51,61.71,63.15,109537,0.83,1.8,1.31,2.85,0.9,1
2016-11-07,62.51,62.52,61.4,62.33,107367,-0.18,1.12,-0.29,1.8,0.56,1
2016-11-04,61.13,62.8,60.28,61.37,82850,0.24,2.52,0.39,4.11,1.26,1
2016-11-03,61.57,61.95,60.62,60.75,80993,-0.82,1.33,-1.35,2.19,0.67,-1
2016-11-02,62.61,62.85,61.09,61.12,114950,-1.49,1.76,-2.44,2.88,0.88,-1
2016-11-01,62.66,64.78,62.66,62.86,159306,0.2,2.12,0.32,3.37,1.06,1
2016-10-31,62.66,62.93,62.03,62.72,95838,0.06,0.9,0.1,1.44,0.45,-1
2016-10-28,62.15,63.09,61.39,62.78,116617,0.63,1.7,1.0,2.71,0.85,1
2016-10-27,61.68,62.41,61.1,62.37,138092,0.69,1.31,1.11,2.11,0.66,1
2016-10-26,62.2,63.08,61.38,61.59,123291,-0.61,1.7,-0.99,2.76,0.85,-1
2016-10-25,62.18,62.58,61.84,62.34,136434,0.16,0.74,0.26,1.19,0.37,-1
2016-10-24,62.19,63.05,62.18,62.82,117262,0.63,0.87,1.0,1.38,0.43,1
2016-10-21,62.44,62.83,61.75,62.06,99033,-0.38,1.08,-0.61,1.74,0.54,-1
2016-10-20,62.81,63.45,62.41,63.25,253388,0.44,1.04,0.7,1.64,0.52,1
2016-10-19,64.91,64.91,61.91,63.1,417628,-1.81,3.0,-2.87,4.75,1.5,-1
2016-10-18,65.81,65.99,65.15,65.18,69316,-0.63,0.84,-0.97,1.29,0.42,1
2016-10-17,66.77,66.87,65.16,65.17,88040,-1.6,1.71,-2.46,2.62,0.86,-1
2016-10-14,66.53,67.19,66.4,66.99,145579,0.46,0.79,0.69,1.18,0.39,1
2016-10-13,66.67,66.78,65.5,66.06,199403,-0.61,1.28,-0.92,1.94,0.64,-1
2016-10-12,66.88,68.0,66.56,67.14,97413,0.26,1.44,0.39,2.14,0.72,1
2016-10-11,66.91,68.0,66.74,67.02,120891,0.11,1.26,0.16,1.88,0.63,-1
2016-10-10,66.5,67.33,65.85,67.09,148684,0.59,1.48,0.88,2.2,0.74,1
2016-10-07,66.47,67.24,65.68,66.13,118190,-0.34,1.55,-0.51,2.35,0.78,1
2016-10-06,67.5,67.5,64.99,66.09,217939,-1.41,2.51,-2.13,3.8,1.26,-1
2016-10-05,67.7,68.01,67.21,67.6,215663,-0.1,0.8,-0.15,1.18,0.4,1
2016-10-04,66.99,67.46,66.16,67.22,146930,0.23,1.3,0.34,1.93,0.65,1
2016-10-03,67.6,68.48,66.61,66.8,144380,-0.8,1.87,-1.2,2.8,0.94,-1
2016-09-30,68.0,68.84,67.64,67.7,97458,-0.3,1.2,-0.44,1.77,0.6,1
2016-09-29,68.18,68.83,67.24,67.53,171889,-0.65,1.59,-0.96,2.35,0.8,1
2016-09-28,67.81,68.25,66.6,67.13,124184,-0.68,1.65,-1.01,2.45,0.82,-1
2016-09-27,67.6,68.18,66.69,68.01,89215,0.41,1.49,0.6,2.19,0.75,1
2016-09-26,69.13,69.89,67.26,67.34,215407,-1.79,2.63,-2.66,3.9,1.31,-1
2016-09-23,71.04,71.41,69.04,69.63,610004,-1.41,2.37,-2.02,3.4,1.18,1
2016-09-22,69.33,69.75,68.0,68.6,122590,-0.73,1.75,-1.06,2.55,0.88,-1
2016-09-21,68.46,69.2,67.92,68.98,93842,0.52,1.28,0.75,1.86,0.64,1
2016-09-20,69.35,69.78,68.14,68.25,102530,-1.1,1.64,-1.61,2.4,0.82,-1
2016-09-19,69.01,69.6,68.0,69.03,123431,0.02,1.6,0.03,2.32,0.8,1
2016-09-16,69.53,69.7,68.51,68.63,140609,-0.9,1.19,-1.31,1.73,0.59,-1
2016-09-15,67.72,69.75,67.49,69.66,207336,1.94,2.26,2.78,3.24,1.13,1
2016-09-14,68.88,69.49,67.55,68.05,201598,-0.83,1.94,-1.22,2.85,0.97,-1
2016-09-13,70.1,70.7,68.49,69.07,183272,-1.03,2.21,-1.49,3.2,1.11,-1
2016-09-12,69.12,70.73,68.18,70.66,296001,1.54,2.55,2.18,3.61,1.27,1
2016-09-09,70.37,71.41,69.23,69.49,235551,-0.88,2.18,-1.27,3.14,1.09,-1
2016-09-08,71.18,71.18,70.05,70.87,274985,-0.31,1.13,-0.44,1.59,0.57,-1
2016-09-07,70.81,71.68,69.8,71.39,206474,0.58,1.88,0.81,2.63,0.94,1
2016-09-06,71.51,71.51,70.09,70.63,196224,-0.88,1.42,-1.25,2.01,0.71,-1
2016-09-02,72.61,74.0,70.03,71.18,393447,-1.43,3.97,-2.01,5.58,1.98,-1
2016-09-01,67.85,72.45,67.85,72.43,1275258,4.58,4.6,6.32,6.35,2.3,1
2016-08-31,63.99,64.38,61.48,62.41,401774,-1.58,2.9,-2.53,4.65,1.45,-1
2016-08-30,64.5,65.25,62.5,63.69,465231,-0.81,2.75,-1.27,4.32,1.38,-1
2016-08-29,63.86,64.84,63.32,64.41,212372,0.55,1.52,0.85,2.36,0.76,1
2016-08-26,63.8,64.77,62.93,63.41,110479,-0.39,1.84,-0.62,2.9,0.92,-1
2016-08-25,63.06,64.07,62.81,64.04,90203,0.98,1.26,1.53,1.97,0.63,1
2016-08-24,63.33,63.76,62.3,63.42,106682,0.09,1.46,0.14,2.3,0.73,-1
2016-08-23,63.42,63.92,63.42,63.61,130334,0.19,0.5,0.3,0.79,0.25,1
2016-08-22,63.45,63.52,62.73,63.31,47700,-0.14,0.79,-0.22,1.25,0.4,-1
2016-08-19,62.74,63.7,61.84,63.49,84544,0.75,1.86,1.18,2.93,0.93,1
2016-08-18,61.2,64.32,61.2,62.74,180849,1.54,3.12,2.45,4.97,1.56,1
2016-08-17,61.17,61.28,60.57,61.13,118101,-0.04,0.71,-0.07,1.16,0.36,-1
2016-08-16,60.78,62.3,60.78,61.42,129148,0.64,1.52,1.04,2.47,0.76,1
2016-08-15,58.93,60.99,58.93,60.97,88016,2.04,2.06,3.35,3.38,1.03,1
2016-08-12,58.61,59.63,58.29,58.92,64606,0.31,1.34,0.53,2.27,0.67,1
2016-08-11,56.25,58.99,56.25,58.5,198311,2.25,2.74,3.85,4.68,1.37,1
2016-08-10,56.3,57.49,55.74,55.95,93528,-0.35,1.75,-0.63,3.13,0.88,-1
2016-08-09,56.45,56.66,55.8,56.09,71339,-0.36,0.86,-0.64,1.53,0.43,-1
2016-08-08,57.81,58.59,56.49,56.71,80965,-1.1,2.1,-1.94,3.7,1.05,-1
2016-08-05,56.34,58.12,56.01,57.73,107158,1.39,2.12,2.41,3.66,1.06,1
2016-08-04,56.02,56.69,55.68,55.9,94565,-0.12,1.02,-0.21,1.82,0.51,-1
2016-08-03,55.9,57.01,55.14,55.96,127654,0.06,1.87,0.11,3.34,0.93,-1
2016-08-02,57.35,57.42,55.96,56.28,179124,-1.07,1.46,-1.9,2.6,0.73,-1
2016-08-01,57.18,58.24,56.14,57.51,124255,0.33,2.1,0.57,3.65,1.05,1
2016-07-29,57.01,57.27,56.47,57.18,161080,0.17,0.8,0.3,1.4,0.4,1
2016-07-28,56.88,57.56,56.42,56.95,256762,0.07,1.14,0.12,1.99,0.57,-1
2016-07-27,57.87,58.04,56.79,57.14,125073,-0.73,1.25,-1.28,2.19,0.62,-1
2016-07-26,57.46,58.17,57.25,57.73,240507,0.27,0.92,0.47,1.59,0.46,1
2016-07-25,57.51,57.93,56.94,57.54,130468,0.03,0.99,0.05,1.73,0.5,-1
2016-07-22,58.3,58.3,56.8,57.66,98423,-0.64,1.5,-1.11,2.6,0.75,-1
2016-07-21,59.73,59.93,58.12,58.36,72574,-1.37,1.81,-2.35,3.1,0.91,-1
2016-07-20,60.11,60.39,59.54,59.59,112668,-0.52,0.85,-0.87,1.43,0.43,-1
2016-07-19,60.49,60.49,59.06,60.11,131933,-0.38,1.43,-0.63,2.38,0.71,-1
2016-07-18,60.14,60.95,59.56,60.49,94108,0.35,1.39,0.58,2.3,0.7,1
2016-07-15,60.48,60.48,59.36,60.21,86420,-0.27,1.12,-0.45,1.86,0.56,1
2016-07-14,60.0,60.58,59.09,60.12,118100,0.12,1.49,0.2,2.48,0.74,1
2016-07-13,60.31,60.31,59.09,59.6,91482,-0.71,1.22,-1.19,2.05,0.61,-1
2016-07-12,59.09,60.58,59.01,60.13,92961,1.04,1.57,1.73,2.61,0.79,1
2016-07-11,57.93,59.0,57.72,58.93,154902,1.0,1.28,1.7,2.17,0.64,1
2016-07-08,58.1,59.29,57.41,57.53,345542,-0.57,1.88,-0.99,3.27,0.94,1
2016-07-07,56.65,57.58,56.44,57.48,126371,0.83,1.14,1.44,1.98,0.57,1
2016-07-06,55.54,57.02,55.29,56.79,102585,1.25,1.73,2.2,3.05,0.87,1
2016-07-05,56.68,56.73,55.19,55.65,87114,-1.03,1.54,-1.85,2.77,0.77,-1
2016-07-01,56.71,58.04,56.71,57.07,104038,0.36,1.33,0.63,2.33,0.66,1
2016-06-30,55.79,56.66,55.09,56.62,118902,0.83,1.57,1.47,2.77,0.78,1
2016-06-29,54.98,56.0,54.62,55.47,172807,0.49,1.38,0.88,2.49,0.69,1
2016-06-28,53.7,55.21,53.54,54.15,210241,0.45,1.67,0.83,3.08,0.84,1
2016-06-27,55.62,55.62,52.54,53.67,281047,-1.95,3.08,-3.63,5.74,1.54,-1
2016-06-24,56.71,57.63,55.88,55.94,249466,-0.77,1.75,-1.38,3.13,0.88,-1
2016-06-23,58.69,59.05,58.04,59.03,120458,0.34,1.01,0.58,1.71,0.5,1
2016-06-22,58.51,58.51,57.85,58.03,159677,-0.48,0.66,-0.83,1.14,0.33,-1
2016-06-21,59.12,59.46,57.78,58.16,97746,-0.96,1.68,-1.65,2.89,0.84,-1
2016-06-20,59.66,60.39,58.98,58.99,150690,-0.67,1.41,-1.14,2.39,0.71,1
2016-06-17,58.22,59.32,57.58,58.82,194644,0.6,1.74,1.02,2.96,0.87,1
2016-06-16,58.48,59.13,58.0,58.28,165758,-0.2,1.13,-0.34,1.94,0.57,-1
2016-06-15,57.22,59.28,57.2,58.72,361921,1.5,2.08,2.55,3.55,1.04,1
2016-06-14,57.83,58.37,56.86,57.17,227109,-0.66,1.51,-1.15,2.64,0.75,-1
2016-06-13,59.1,59.5,57.82,58.11,253473,-0.99,1.68,-1.7,2.89,0.84,-1
2016-06-10,60.99,61.04,58.92,59.41,339064,-1.58,2.12,-2.66,3.57,1.06,-1
2016-06-09,64.17,64.28,61.2,61.76,427473,-2.41,3.08,-3.9,4.99,1.54,-1
2016-06-08,60.02,65.15,58.64,64.5,893299,4.48,6.51,6.95,10.09,3.26,-1
2016-06-07,65.17,65.42,64.45,65.13,177765,-0.04,0.97,-0.06,1.49,0.48,-1
2016-06-06,64.1,66.06,63.72,65.44,147766,1.34,2.34,2.05,3.58,1.17,1
2016-06-03,64.65,64.65,63.68,64.13,178237,-0.52,0.97,-0.81,1.51,0.49,-1
2016-06-02,64.29,65.24,64.01,64.56,139466,0.27,1.23,0.42,1.91,0.61,1
2016-06-01,62.94,65.11,62.94,64.34,205166,1.4,2.17,2.18,3.37,1.09,1
2016-05-31,64.42,64.78,63.23,63.37,92218,-1.05,1.55,-1.66,2.44,0.77,-1
2016-05-27,62.41,64.15,62.41,64.05,88010,1.64,1.74,2.56,2.72,0.87,1
2016-05-26,62.84,63.2,62.27,62.57,69985,-0.27,0.93,-0.43,1.49,0.46,-1
2016-05-25,62.66,63.15,62.03,62.62,117982,-0.04,1.12,-0.06,1.79,0.56,-1
2016-05-24,60.72,62.95,60.62,62.81,181001,2.09,2.33,3.33,3.71,1.17,1
2016-05-23,61.0,62.0,60.46,60.55,125652,-0.45,1.54,-0.74,2.54,0.77,-1
2016-05-20,60.88,61.31,60.06,60.95,184505,0.07,1.25,0.11,2.05,0.62,1
2016-05-19,59.19,60.86,58.86,60.82,182680,1.63,2.0,2.68,3.29,1.0,1
2016-05-18,59.32,59.75,58.41,59.29,127094,-0.03,1.34,-0.05,2.26,0.67,-1
2016-05-17,59.77,60.36,59.08,59.75,252392,-0.02,1.28,-0.03,2.14,0.64,-1
2016-05-16,59.49,60.42,59.22,59.84,136510,0.35,1.2,0.58,2.01,0.6,-1
2016-05-13,60.72,61.65,60.02,60.05,126313,-0.67,1.63,-1.12,2.71,0.81,-1
2016-05-12,60.22,60.98,59.49,60.82,302519,0.6,1.49,0.99,2.45,0.74,1
2016-05-11,61.75,61.75,57.5,59.91,181969,-1.84,4.24,-3.07,7.09,2.12,-1
2016-05-10,62.24,62.78,61.8,62.33,146249,0.09,0.98,0.14,1.57,0.49,1
2016-05-09,60.92,62.74,60.44,62.16,160535,1.24,2.3,1.99,3.71,1.15,1
2016-05-06,62.46,62.9,60.32,60.91,205852,-1.55,2.58,-2.54,4.24,1.29,-1
2016-05-05,64.01,64.01,62.73,62.75,107489,-1.26,1.28,-2.01,2.04,0.64,-1
2016-05-04,65.16,65.51,63.89,64.15,72999,-1.01,1.62,-1.57,2.53,0.81,-1
2016-05-03,65.37,66.6,64.48,65.42,118067,0.05,2.12,0.08,3.24,1.06,-1
2016-05-02,66.86,67.15,65.66,66.0,346960,-0.86,1.49,-1.3,2.26,0.75,-1
2016-04-29,66.96,66.96,65.47,66.42,82797,-0.54,1.49,-0.81,2.24,0.74,-1
2016-04-28,68.34,69.0,66.9,67.22,92680,-1.12,2.09,-1.67,3.12,1.05,-1
2016-04-27,68.88,69.23,68.13,68.39,79666,-0.49,1.1,-0.72,1.61,0.55,-1
2016-04-26,69.76,70.19,68.5,69.08,178781,-0.68,1.69,-0.98,2.45,0.84,-1
2016-04-25,68.78,69.84,68.33,69.48,212317,0.7,1.51,1.01,2.17,0.76,1
2016-04-22,69.13,69.97,68.46,68.73,174527,-0.4,1.51,-0.58,2.2,0.76,-1
2016-04-21,65.1,69.18,64.24,68.93,259790,3.83,4.94,5.56,7.17,2.47,1
2016-04-20,63.0,65.69,62.4,64.55,386342,1.55,3.29,2.4,5.1,1.64,1
2016-04-19,62.13,62.57,61.45,62.01,127360,-0.12,1.12,-0.19,1.8,0.56,-1
2016-04-18,62.07,62.65,61.69,62.27,56567,0.2,0.96,0.32,1.54,0.48,-1
2016-04-15,61.75,62.45,61.42,62.28,112308,0.53,1.03,0.85,1.65,0.52,1
2016-04-14,61.66,62.44,61.28,61.98,147227,0.32,1.16,0.52,1.87,0.58,1
2016-04-13,60.38,62.0,60.38,61.74,127502,1.36,1.62,2.2,2.62,0.81,1
2016-04-12,58.77,60.76,58.62,60.5,178038,1.73,2.14,2.86,3.54,1.07,1
2016-04-11,60.1,61.21,58.28,58.67,390616,-1.43,2.93,-2.44,4.99,1.46,-1
2016-04-08,61.53,61.53,59.24,59.8,125972,-1.73,2.29,-2.89,3.83,1.14,-1
2016-04-07,62.16,63.13,60.94,61.35,143433,-0.81,2.19,-1.32,3.57,1.1,-1
2016-04-06,62.9,63.45,62.12,62.44,186265,-0.46,1.33,-0.74,2.13,0.67,-1
2016-04-05,63.3,63.6,62.17,62.85,204957,-0.45,1.43,-0.72,2.27,0.71,-1
2016-04-04,66.42,66.9,63.28,63.84,178982,-2.58,3.62,-4.04,5.67,1.81,-1
2016-04-01,66.74,67.31,66.15,66.36,181414,-0.38,1.16,-0.57,1.75,0.58,-1
2016-03-31,67.75,68.53,66.99,67.23,157791,-0.52,1.54,-0.77,2.29,0.77,-1
2016-03-30,68.9,68.9,67.63,67.89,173915,-1.01,1.27,-1.49,1.87,0.64,-1
2016-03-29,67.64,68.86,67.64,68.43,196751,0.79,1.22,1.15,1.78,0.61,1
2016-03-28,67.8,68.48,67.49,67.6,302572,-0.2,0.99,-0.3,1.46,0.5,-1
2016-03-24,70.3,70.41,66.18,67.62,413548,-2.68,4.23,-3.96,6.26,2.11,-1
2016-03-23,74.04,74.43,72.4,72.58,167829,-1.46,2.03,-2.01,2.8,1.02,-1
2016-03-22,77.23,77.23,74.46,74.66,139738,-2.57,2.77,-3.44,3.71,1.39,-1
2016-03-21,75.95,77.44,75.73,77.0,102014,1.05,1.71,1.36,2.22,0.85,1
2016-03-18,75.7,77.28,75.65,76.15,195086,0.45,1.63,0.59,2.14,0.81,1
2016-03-17,75.87,76.0,74.42,75.11,144767,-0.76,1.58,-1.01,2.1,0.79,-1
2016-03-16,74.82,76.35,74.22,76.05,103523,1.23,2.13,1.62,2.8,1.06,1
2016-03-15,76.11,76.53,74.74,75.33,103352,-0.78,1.79,-1.04,2.38,0.9,-1
2016-03-14,76.36,76.8,75.21,76.54,124985,0.18,1.59,0.24,2.08,0.8,1
2016-03-11,75.04,76.17,74.14,76.09,114761,1.05,2.03,1.38,2.67,1.02,1
2016-03-10,73.91,75.44,72.71,74.4,146645,0.49,2.73,0.66,3.67,1.37,1
2016-03-09,75.79,76.32,74.0,74.32,110025,-1.47,2.32,-1.98,3.13,1.16,-1
2016-03-08,75.52,76.81,75.1,75.42,115998,-0.1,1.71,-0.13,2.27,0.86,-1
2016-03-07,76.03,76.75,74.91,76.24,113472,0.21,1.84,0.28,2.41,0.92,1
2016-03-04,77.42,77.82,76.02,76.21,199136,-1.21,1.8,-1.59,2.36,0.9,-1
2016-03-03,76.06,77.99,76.06,77.42,117409,1.36,1.93,1.76,2.49,0.96,1
2016-03-02,73.94,76.49,73.62,76.38,137703,2.44,2.87,3.19,3.76,1.43,1
2016-03-01,73.1,74.11,71.79,74.1,154766,1.0,2.32,1.35,3.13,1.16,1
2016-02-29,72.13,73.03,71.53,72.63,106951,0.5,1.5,0.69,2.07,0.75,1
2016-02-26,72.58,72.61,71.07,71.97,106431,-0.61,1.54,-0.85,2.14,0.77,-1
2016-02-25,71.25,72.32,70.65,72.21,83829,0.96,1.67,1.33,2.31,0.83,1
2016-02-24,69.58,71.26,69.13,70.98,85235,1.4,2.13,1.97,3.0,1.07,1
2016-02-23,70.61,71.94,69.63,69.92,111472,-0.69,2.31,-0.99,3.3,1.16,-1
2016-02-22,70.9,71.58,69.68,70.74,125972,-0.16,1.9,-0.23,2.69,0.95,1
2016-02-19,69.03,70.61,68.54,70.0,223781,0.97,2.07,1.39,2.96,1.03,1
2016-02-18,69.25,71.4,68.51,69.8,158238,0.55,2.89,0.79,4.14,1.45,1
2016-02-17,67.56,70.23,67.5,69.23,154295,1.67,2.73,2.41,3.94,1.37,1
2016-02-16,64.46,66.49,63.77,66.15,144498,1.69,2.72,2.55,4.11,1.36,1
2016-02-12,62.6,64.43,61.91,63.5,158487,0.9,2.52,1.42,3.97,1.26,1
2016-02-11,62.18,62.78,60.55,62.26,139463,0.08,2.23,0.13,3.58,1.11,-1
2016-02-10,64.52,64.95,62.55,62.83,134953,-1.69,2.4,-2.69,3.82,1.2,-1
2016-02-09,65.25,66.55,62.84,63.88,109190,-1.37,3.71,-2.14,5.81,1.85,-1
2016-02-08,66.0,66.3,64.25,65.77,128737,-0.23,2.05,-0.35,3.12,1.02,-1
2016-02-05,67.56,68.89,66.53,66.9,151878,-0.66,2.36,-0.99,3.52,1.18,-1
2016-02-04,68.67,69.36,67.68,68.03,140103,-0.64,1.68,-0.94,2.47,0.84,-1
2016-02-03,69.1,69.62,67.31,69.41,195723,0.31,2.31,0.45,3.33,1.16,1
2016-02-02,68.83,69.75,68.06,68.57,170003,-0.26,1.69,-0.38,2.46,0.84,-1
2016-02-01,69.19,69.42,68.5,68.76,207338,-0.43,0.92,-0.63,1.34,0.46,-1
2016-01-29,67.43,69.86,67.04,69.86,208225,2.43,2.82,3.48,4.04,1.41,1
2016-01-28,66.01,67.37,65.29,67.35,174810,1.34,2.08,1.99,3.09,1.04,1
2016-01-27,63.78,65.91,62.76,65.0,176902,1.22,3.15,1.88,4.85,1.58,1
2016-01-26,62.35,64.3,61.9,64.1,112910,1.75,2.4,2.73,3.74,1.2,1
2016-01-25,61.25,62.37,60.74,62.02,87989,0.77,1.63,1.24,2.63,0.81,1
2016-01-22,61.57,62.65,60.95,61.49,184093,-0.08,1.7,-0.13,2.76,0.85,1
2016-01-21,60.97,62.0,60.0,60.8,130759,-0.17,2.0,-0.28,3.29,1.0,1
2016-01-20,58.66,61.38,57.4,60.6,114854,1.94,3.98,3.2,6.57,1.99,1
2016-01-19,61.08,61.52,58.25,59.5,167793,-1.58,3.27,-2.66,5.5,1.64,-1
2016-01-15,59.18,61.45,58.71,60.45,194531,1.27,2.74,2.1,4.53,1.37,-1
2016-01-14,60.18,61.28,58.8,60.59,184898,0.41,2.48,0.68,4.1,1.24,1
2016-01-13,60.02,61.95,59.48,60.09,220682,0.07,2.47,0.12,4.11,1.24,1
2016-01-12,57.25,60.66,57.25,60.0,181259,2.75,3.41,4.58,5.68,1.7,1
2016-01-11,56.71,57.46,54.79,55.91,140333,-0.8,2.67,-1.43,4.78,1.34,-1
2016-01-08,59.47,59.94,55.13,56.6,190130,-2.87,4.81,-5.07,8.5,2.4,-1
2016-01-07,59.23,61.0,58.56,59.08,174957,-0.15,2.44,-0.25,4.13,1.22,-1
2016-01-06,60.25,60.97,59.1,60.34,156208,0.09,1.87,0.15,3.1,0.93,-1
2016-01-05,62.51,62.98,60.71,61.09,138441,-1.42,2.27,-2.32,3.72,1.13,-1
2016-01-04,62.23,62.98,61.53,62.07,217943,-0.16,1.45,-0.26,2.34,0.72,-1
2015-12-31,64.68,65.17,63.79,63.82,179883,-0.86,1.38,-1.35,2.15,0.69,-1
2015-12-30,65.18,65.44,64.57,64.87,106936,-0.31,0.87,-0.48,1.34,0.44,-1
2015-12-29,64.85,65.33,64.12,65.3,90459,0.45,1.21,0.69,1.86,0.61,1
2015-12-28,63.76,64.59,63.16,64.2,96428,0.44,1.44,0.69,2.24,0.72,1
2015-12-24,65.03,65.31,63.72,63.98,69264,-1.05,1.59,-1.64,2.49,0.8,-1
2015-12-23,63.74,65.0,62.94,64.91,103206,1.17,2.06,1.8,3.17,1.03,1
2015-12-22,62.68,63.22,61.06,63.14,96252,0.46,2.16,0.73,3.42,1.08,1
2015-12-21,61.49,62.49,61.07,62.47,99794,0.98,1.42,1.57,2.27,0.71,1
2015-12-18,63.31,63.31,60.96,61.31,197386,-2.0,2.35,-3.26,3.83,1.18,-1
2015-12-17,65.2,65.4,63.0,63.74,127661,-1.46,2.4,-2.29,3.77,1.2,-1
2015-12-16,63.81,65.56,63.72,65.1,116466,1.29,1.84,1.98,2.83,0.92,1
2015-12-15,63.96,64.49,62.46,63.29,151981,-0.67,2.03,-1.06,3.21,1.01,-1
2015-12-14,60.84,64.68,60.65,63.77,320954,2.93,4.03,4.59,6.32,2.02,1
2015-12-11,60.92,61.76,60.56,60.88,169696,-0.04,1.2,-0.07,1.97,0.6,-1
2015-12-10,62.75,62.84,61.33,62.02,186196,-0.73,1.51,-1.18,2.43,0.75,-1
2015-12-09,67.95,67.95,60.03,63.05,673651,-4.9,7.92,-7.77,12.56,3.96,-1
2015-12-08,69.38,70.03,68.5,68.85,169132,-0.53,1.53,-0.77,2.22,0.76,-1
2015-12-07,70.18,70.18,68.48,69.6,135859,-0.58,1.7,-0.83,2.44,0.85,-1
2015-12-04,68.81,70.6,68.01,70.34,174658,1.53,2.59,2.18,3.69,1.3,1
2015-12-03,70.22,70.22,67.58,68.49,178305,-1.73,2.64,-2.53,3.85,1.32,-1
2015-12-02,67.9,69.8,67.79,69.0,156972,1.1,2.01,1.59,2.91,1.0,1
2015-12-01,68.26,68.54,67.59,67.93,89156,-0.33,0.95,-0.49,1.4,0.48,-1
2015-11-30,68.45,68.45,66.79,67.94,88749,-0.51,1.66,-0.75,2.44,0.83,-1
2015-11-27,69.0,69.16,67.95,68.56,44675,-0.44,1.21,-0.64,1.76,0.6,-1
2015-11-25,69.11,69.69,68.46,68.92,115933,-0.19,1.23,-0.28,1.78,0.62,1
2015-11-24,68.01,69.51,67.39,68.89,91116,0.88,2.12,1.28,3.08,1.06,1
2015-11-23,69.12,69.27,68.04,68.35,89404,-0.77,1.23,-1.13,1.8,0.61,-1
2015-11-20,67.28,69.08,67.27,68.98,111732,1.7,1.81,2.46,2.62,0.91,1
2015-11-19,64.9,67.74,64.6,66.58,155595,1.68,3.14,2.52,4.72,1.57,1
2015-11-18,62.2,65.29,61.95,65.2,127549,3.0,3.34,4.6,5.12,1.67,1
2015-11-17,63.41,63.41,61.18,61.86,152242,-1.55,2.23,-2.51,3.6,1.11,-1
2015-11-16,60.99,63.66,60.95,63.58,236659,2.59,2.71,4.07,4.26,1.35,1
2015-11-13,66.02,66.12,60.37,61.04,303531,-4.98,5.75,-8.16,9.42,2.88,-1
2015-11-12,66.01,67.19,65.6,67.02,90287,1.01,1.59,1.51,2.37,0.8,1
2015-11-11,67.77,67.77,65.83,66.36,108684,-1.41,1.94,-2.12,2.92,0.97,-1
2015-11-10,67.86,68.34,66.26,67.96,228243,0.1,2.08,0.15,3.05,1.04,-1
2015-11-09,71.41,71.41,68.07,68.12,119822,-3.29,3.34,-4.83,4.9,1.67,-1
2015-11-06,72.98,73.43,71.08,71.76,72246,-1.22,2.35,-1.7,3.27,1.18,-1
2015-11-05,71.91,73.79,71.16,73.43,108244,1.52,2.63,2.07,3.58,1.32,1
2015-11-04,72.86,73.28,71.09,71.73,144164,-1.13,2.19,-1.58,3.05,1.09,-1
2015-11-03,73.77,74.72,72.34,72.74,133739,-1.03,2.38,-1.42,3.27,1.19,-1
2015-11-02,72.92,73.89,71.51,73.79,87485,0.87,2.38,1.18,3.23,1.19,1
2015-10-30,72.12,73.13,71.92,72.82,91685,0.7,1.21,0.96,1.66,0.6,1
2015-10-29,72.5,73.26,72.17,72.29,81490,-0.21,1.09,-0.29,1.51,0.55,-1
2015-10-28,70.34,72.98,70.01,72.67,98692,2.33,2.97,3.21,4.08,1.48,1
2015-10-27,70.78,71.39,69.58,70.12,114202,-0.66,1.81,-0.94,2.58,0.91,-1
2015-10-26,70.03,72.81,69.64,71.01,268087,0.98,3.17,1.38,4.46,1.59,1
2015-10-23,73.59,73.81,67.62,68.97,164285,-4.62,6.19,-6.7,8.97,3.09,-1
2015-10-22,74.33,74.9,72.57,73.51,89973,-0.82,2.33,-1.12,3.17,1.17,-1
2015-10-21,75.78,76.55,73.53,73.77,146810,-2.01,3.02,-2.72,4.09,1.51,-1
2015-10-20,75.71,76.84,74.18,75.44,181850,-0.27,2.66,-0.36,3.53,1.33,-1
2015-10-19,74.4,76.26,73.75,75.66,187534,1.26,2.51,1.67,3.32,1.26,1
2015-10-16,73.76,74.98,72.88,74.58,143461,0.82,2.1,1.1,2.82,1.05,1
2015-10-15,73.09,73.8,72.06,73.38,139961,0.29,1.74,0.4,2.38,0.87,1
2015-10-14,73.34,73.97,72.33,72.94,128367,-0.4,1.64,-0.55,2.25,0.82,-1
2015-10-13,73.85,75.15,73.1,73.42,87070,-0.43,2.06,-0.59,2.8,1.03,-1
2015-10-12,74.47,75.0,73.44,74.13,126986,-0.34,1.56,-0.46,2.1,0.78,-1
2015-10-09,74.74,74.74,73.03,74.2,151569,-0.54,1.71,-0.73,2.3,0.85,-1
2015-10-08,73.57,75.31,73.29,74.81,186612,1.24,2.02,1.66,2.69,1.01,1
2015-10-07,73.34,75.24,72.16,73.9,215429,0.56,3.08,0.76,4.17,1.54,1
2015-10-06,76.91,77.14,72.9,73.29,132780,-3.62,4.25,-4.94,5.79,2.12,-1
2015-10-05,75.44,77.08,75.16,76.99,209613,1.55,1.92,2.01,2.49,0.96,1
2015-10-02,73.29,74.99,72.06,74.94,122612,1.65,2.93,2.2,3.91,1.46,1
2015-10-01,73.78,74.0,72.12,73.93,197803,0.15,1.88,0.2,2.55,0.94,1
2015-09-30,73.8,74.49,72.61,73.88,158956,0.08,1.88,0.11,2.54,0.94,1
2015-09-29,71.95,73.78,70.58,73.13,201619,1.18,3.2,1.61,4.37,1.6,1
2015-09-28,74.89,74.89,71.13,71.82,195221,-3.07,3.76,-4.27,5.24,1.88,-1
2015-09-25,76.53,76.85,74.92,75.25,141351,-1.28,1.93,-1.7,2.56,0.96,-1
2015-09-24,76.81,77.0,75.56,76.18,152271,-0.63,1.44,-0.83,1.89,0.72,-1
2015-09-23,79.08,79.4,77.0,77.35,149907,-1.73,2.4,-2.24,3.1,1.2,-1
2015-09-22,79.94,80.86,78.45,78.77,147812,-1.17,2.41,-1.49,3.06,1.2,-1
2015-09-21,80.21,82.44,79.88,80.78,78255,0.57,2.56,0.71,3.18,1.28,1
2015-09-18,81.67,82.8,79.31,79.62,161078,-2.05,3.49,-2.57,4.38,1.74,-1
2015-09-17,81.8,83.16,81.71,82.26,130821,0.46,1.45,0.56,1.76,0.72,-1
2015-09-16,79.81,82.71,79.8,82.39,153369,2.58,2.91,3.13,3.53,1.45,1
2015-09-15,79.08,80.0,78.68,79.93,169904,0.85,1.32,1.06,1.65,0.66,1
2015-09-14,80.91,81.57,78.9,79.05,105619,-1.86,2.67,-2.35,3.38,1.33,-1
2015-09-11,80.14,81.39,79.9,81.11,111523,0.97,1.49,1.2,1.84,0.74,1
2015-09-10,81.71,82.93,80.07,80.47,128403,-1.24,2.86,-1.54,3.55,1.43,-1
2015-09-09,85.58,85.92,81.46,81.63,217829,-3.95,4.46,-4.84,5.46,2.23,-1
2015-09-08,83.38,85.15,83.0,84.92,193504,1.54,2.15,1.81,2.53,1.08,1
2015-09-04,78.74,83.61,78.02,82.64,367166,3.9,5.59,4.72,6.76,2.8,1
2015-09-03,83.76,83.81,78.54,78.95,567881,-4.81,5.27,-6.09,6.68,2.63,-1
2015-09-02,82.03,84.57,81.5,83.56,284186,1.53,3.07,1.83,3.67,1.53,1
2015-09-01,83.0,84.25,81.41,81.57,257576,-1.43,2.84,-1.75,3.48,1.42,-1
2015-08-31,81.04,84.61,80.83,84.16,153414,3.12,3.78,3.71,4.49,1.89,1
2015-08-28,81.83,82.92,80.76,81.52,205290,-0.31,2.16,-0.38,2.65,1.08,-1
2015-08-27,80.93,83.73,80.6,82.49,181061,1.56,3.13,1.89,3.79,1.57,1
2015-08-26,80.97,81.76,79.02,80.5,174743,-0.47,2.74,-0.58,3.4,1.37,1
2015-08-25,82.68,84.26,79.86,79.94,207281,-2.74,4.4,-3.43,5.5,2.2,-1
2015-08-24,78.99,82.61,78.0,81.0,146513,2.01,4.61,2.48,5.69,2.3,-1
2015-08-21,83.86,84.08,81.56,82.42,127890,-1.44,2.52,-1.75,3.06,1.26,-1
2015-08-20,86.86,86.86,85.07,85.18,65314,-1.68,1.79,-1.97,2.1,0.9,-1
2015-08-19,87.71,88.63,86.65,87.47,127043,-0.24,1.98,-0.27,2.26,0.99,-1
2015-08-18,90.67,91.24,88.32,88.53,162029,-2.14,2.92,-2.42,3.3,1.46,-1
2015-08-17,87.53,90.4,86.23,90.4,207336,2.87,4.17,3.17,4.61,2.09,1
2015-08-14,84.45,87.78,84.28,87.55,162210,3.1,3.5,3.54,4.0,1.75,1
2015-08-13,85.21,85.88,84.26,84.56,99157,-0.65,1.62,-0.77,1.92,0.81,-1
2015-08-12,85.77,85.77,83.61,85.09,134493,-0.68,2.16,-0.8,2.54,1.08,-1
2015-08-11,85.35,86.86,84.79,86.48,128427,1.13,2.07,1.31,2.39,1.03,1
2015-08-10,85.8,87.14,85.3,86.02,93807,0.22,1.84,0.26,2.14,0.92,1
2015-08-07,84.01,85.64,83.68,85.32,79171,1.31,1.96,1.54,2.3,0.98,1
2015-08-06,84.3,84.92,82.98,84.36,124232,0.06,1.94,0.07,2.3,0.97,-1
2015-08-05,82.06,85.08,82.06,84.54,102459,2.48,3.02,2.93,3.57,1.51,1
2015-08-04,80.41,82.71,80.0,81.88,133939,1.47,2.71,1.8,3.31,1.35,1
2015-08-03,83.68,83.94,80.05,80.23,117097,-3.45,3.89,-4.3,4.85,1.95,-1
2015-07-31,84.36,84.6,83.08,83.93,159404,-0.43,1.52,-0.51,1.81,0.76,-1
2015-07-30,84.08,84.63,83.77,84.09,158469,0.01,0.86,0.01,1.02,0.43,-1
2015-07-29,84.72,84.77,83.4,84.53,140070,-0.19,1.37,-0.22,1.62,0.68,1
2015-07-28,84.01,84.72,82.45,84.37,229827,0.36,2.27,0.43,2.69,1.13,1
2015-07-27,83.66,84.28,82.44,83.57,140587,-0.09,1.84,-0.11,2.2,0.92,-1
2015-07-24,83.74,84.13,82.88,83.63,106435,-0.11,1.25,-0.13,1.49,0.62,-1
2015-07-23,84.93,85.52,83.57,83.92,117161,-1.01,1.95,-1.2,2.32,0.98,-1
2015-07-22,84.67,85.62,84.1,85.2,103856,0.53,1.52,0.62,1.78,0.76,1
2015-07-21,84.0,84.99,83.6,84.55,108512,0.55,1.39,0.65,1.64,0.7,1
2015-07-20,83.96,85.01,83.49,84.13,226973,0.17,1.52,0.2,1.81,0.76,-1
2015-07-17,83.99,84.39,82.79,84.22,161482,0.23,1.6,0.27,1.9,0.8,-1
2015-07-16,84.54,85.14,83.6,84.25,181964,-0.29,1.54,-0.34,1.83,0.77,1
2015-07-15,85.55,85.81,83.6,84.03,257023,-1.52,2.21,-1.81,2.63,1.11,-1
2015-07-14,87.38,87.38,85.81,86.17,161514,-1.21,1.57,-1.4,1.83,0.79,-1
2015-07-13,86.9,88.47,86.28,87.58,150641,0.68,2.19,0.78,2.49,1.09,1
2015-07-10,86.14,86.48,84.96,86.25,129782,0.11,1.52,0.13,1.76,0.76,1
2015-07-09,88.52,88.94,84.9,85.0,192871,-3.52,4.03,-4.14,4.75,2.02,-1
2015-07-08,87.58,88.65,86.56,87.7,223468,0.12,2.09,0.14,2.38,1.05,-1
2015-07-07,86.88,88.3,86.19,87.97,225190,1.09,2.11,1.24,2.4,1.05,1
2015-07-06,85.96,88.63,85.21,87.08,153624,1.12,3.42,1.29,3.93,1.71,1
2015-07-02,86.5,86.87,84.62,86.37,207587,-0.13,2.25,-0.15,2.61,1.12,1
2015-07-01,87.92,88.58,85.5,86.13,163326,-1.79,3.08,-2.08,3.58,1.54,-1
2015-06-30,87.73,88.87,86.86,87.45,165578,-0.28,2.01,-0.32,2.3,1.01,1
2015-06-29,88.79,89.34,86.55,86.78,159117,-2.01,2.79,-2.32,3.22,1.4,-1
2015-06-26,88.84,90.0,88.55,89.44,157312,0.6,1.45,0.67,1.62,0.73,1
2015-06-25,87.88,89.78,87.2,88.9,136263,1.02,2.58,1.15,2.9,1.29,1
2015-06-24,88.15,88.78,86.72,87.4,120317,-0.75,2.06,-0.86,2.35,1.03,-1
2015-06-23,88.34,89.29,88.08,88.5,161514,0.16,1.21,0.18,1.37,0.61,1
2015-06-22,89.58,90.0,88.04,88.41,151975,-1.17,1.96,-1.32,2.22,0.98,-1
2015-06-19,87.94,89.65,87.53,88.68,168115,0.74,2.12,0.83,2.39,1.06,1
2015-06-18,86.55,89.7,86.26,87.83,172847,1.28,3.44,1.46,3.91,1.72,1
2015-06-17,87.03,87.31,85.95,86.36,102824,-0.67,1.36,-0.78,1.57,0.68,-1
2015-06-16,84.35,86.84,84.11,86.65,280221,2.3,2.73,2.65,3.15,1.37,1
2015-06-15,83.18,84.94,82.24,84.32,182325,1.14,2.7,1.35,3.2,1.35,1
2015-06-12,83.54,84.84,83.15,83.95,147899,0.41,1.69,0.49,2.01,0.84,1
2015-06-11,84.88,85.99,83.58,83.88,358099,-1.0,2.41,-1.19,2.88,1.21,-1
2015-06-10,89.33,89.79,84.14,84.55,1127444,-4.78,5.65,-5.65,6.68,2.83,1
2015-06-09,79.34,82.26,78.03,81.01,465721,1.67,4.23,2.06,5.22,2.12,1
2015-06-08,78.66,80.36,77.98,79.55,205557,0.89,2.38,1.12,2.99,1.19,1
2015-06-05,78.6,79.55,77.2,79.11,151718,0.51,2.35,0.64,2.97,1.17,1
2015-06-04,77.23,79.48,77.2,78.53,238849,1.3,2.28,1.66,2.9,1.14,1
2015-06-03,76.3,78.26,76.26,77.72,86948,1.42,2.0,1.83,2.57,1.0,1
2015-06-02,75.33,77.25,75.3,76.11,85839,0.78,1.95,1.02,2.56,0.98,1
2015-06-01,75.85,76.67,74.35,75.77,86721,-0.08,2.32,-0.11,3.06,1.16,-1
2015-05-29,76.25,77.36,75.46,75.87,118107,-0.38,1.9,-0.5,2.5,0.95,-1
2015-05-28,75.85,77.78,75.84,76.45,87914,0.6,1.94,0.78,2.54,0.97,1
2015-05-27,74.06,76.51,73.36,76.22,116622,2.16,3.15,2.83,4.13,1.58,1
2015-05-26,76.54,76.54,73.78,73.84,110518,-2.7,2.76,-3.66,3.74,1.38,-1
2015-05-22,77.59,77.86,76.69,76.98,58647,-0.61,1.17,-0.79,1.52,0.59,-1
2015-05-21,78.78,79.01,77.21,77.65,76419,-1.13,1.8,-1.46,2.32,0.9,-1
2015-05-20,77.51,79.6,77.07,78.72,141360,1.21,2.53,1.54,3.21,1.27,1
2015-05-19,76.41,77.35,76.41,77.19,55213,0.78,0.94,1.01,1.22,0.47,1
2015-05-18,76.2,76.65,75.82,76.62,97700,0.42,0.83,0.55,1.08,0.41,1
2015-05-15,76.44,76.86,75.95,76.34,64692,-0.1,0.91,-0.13,1.19,0.45,-1
2015-05-14,76.02,77.7,74.54,76.34,110292,0.32,3.16,0.42,4.14,1.58,1
2015-05-13,76.03,76.03,74.6,75.29,121650,-0.74,1.43,-0.98,1.9,0.72,-1
2015-05-12,76.09,76.6,75.0,75.95,63649,-0.14,1.6,-0.18,2.11,0.8,-1
2015-05-11,75.96,77.63,75.9,76.42,93860,0.46,1.73,0.6,2.26,0.86,1
2015-05-08,77.31,78.02,76.04,76.3,109828,-1.01,1.97,-1.32,2.59,0.99,-1
2015-05-07,76.86,77.35,76.27,76.65,108464,-0.21,1.08,-0.27,1.41,0.54,-1
2015-05-06,76.84,77.4,75.61,76.77,93692,-0.07,1.79,-0.09,2.34,0.9,-1
2015-05-05,77.52,78.67,76.57,76.89,133893,-0.63,2.1,-0.82,2.73,1.05,-1
2015-05-04,78.0,78.86,76.56,77.29,153045,-0.71,2.3,-0.92,2.98,1.15,-1
2015-05-01,79.89,79.92,77.66,78.11,140166,-1.78,2.26,-2.28,2.89,1.13,-1
2015-04-30,79.0,79.75,78.49,79.45,198779,0.45,1.26,0.57,1.59,0.63,1
2015-04-29,78.81,79.99,77.66,79.33,162945,0.52,2.33,0.66,2.94,1.16,1
2015-04-28,79.09,80.1,78.35,79.24,187718,0.15,1.75,0.19,2.21,0.88,1
2015-04-27,80.31,80.32,78.7,79.09,322401,-1.22,1.62,-1.54,2.05,0.81,-1
2015-04-24,80.19,80.92,78.5,79.94,213747,-0.25,2.42,-0.31,3.03,1.21,-1
2015-04-23,79.31,80.36,79.0,80.1,332264,0.79,1.36,0.99,1.7,0.68,1
2015-04-22,80.0,80.0,78.23,79.42,271200,-0.58,1.77,-0.73,2.23,0.88,-1
2015-04-21,78.03,80.0,77.1,79.95,456553,1.92,2.9,2.4,3.63,1.45,1
2015-04-20,75.82,80.19,74.25,77.93,975274,2.11,5.94,2.71,7.62,2.97,1
2015-04-17,73.03,73.5,72.03,73.04,199204,0.01,1.47,0.01,2.01,0.73,-1
2015-04-16,72.54,74.25,72.42,73.69,163893,1.15,1.83,1.56,2.48,0.91,1
2015-04-15,73.6,74.89,72.87,72.94,157196,-0.66,2.02,-0.9,2.77,1.01,-1
2015-04-14,74.39,74.95,72.9,73.78,234443,-0.61,2.05,-0.83,2.78,1.02,-1
2015-04-13,75.74,76.01,74.22,74.58,184403,-1.16,1.79,-1.56,2.4,0.9,-1
2015-04-10,74.81,75.58,74.49,75.37,186926,0.56,1.09,0.74,1.45,0.55,1
2015-04-09,77.34,77.34,73.46,74.6,225918,-2.74,3.88,-3.67,5.2,1.94,-1
2015-04-08,75.59,77.42,75.59,77.33,224081,1.74,1.83,2.25,2.37,0.91,1
2015-04-07,75.92,75.93,75.08,75.5,142059,-0.42,0.85,-0.56,1.13,0.43,-1
2015-04-06,74.4,76.79,74.03,75.65,206552,1.25,2.76,1.65,3.65,1.38,1
2015-04-02,74.45,75.66,74.06,74.34,353021,-0.11,1.6,-0.15,2.15,0.8,1
2015-04-01,75.05,75.17,73.34,74.23,395522,-0.82,1.83,-1.1,2.47,0.91,-1
2015-03-31,72.27,76.3,71.76,75.45,416103,3.18,4.54,4.21,6.02,2.27,1
2015-03-30,71.5,73.14,71.5,72.16,289257,0.66,1.64,0.91,2.27,0.82,1
2015-03-27,68.89,73.95,67.97,70.8,1118240,1.91,5.98,2.7,8.45,2.99,1
2015-03-26,57.68,60.66,57.17,59.51,206208,1.83,3.49,3.08,5.86,1.74,1
2015-03-25,59.37,59.37,57.5,57.58,152088,-1.79,1.87,-3.11,3.25,0.93,-1
2015-03-24,59.11,59.7,58.55,59.01,215575,-0.1,1.15,-0.17,1.95,0.58,-1
2015-03-23,58.33,59.49,58.18,59.31,137993,0.98,1.31,1.65,2.21,0.66,1
2015-03-20,58.75,59.35,58.04,58.38,140197,-0.37,1.31,-0.63,2.24,0.66,-1
2015-03-19,57.56,58.7,56.9,58.46,138791,0.9,1.8,1.54,3.08,0.9,1
2015-03-18,56.17,58.29,55.23,57.7,97285,1.53,3.06,2.65,5.3,1.53,1
2015-03-17,55.83,56.64,55.52,56.52,65295,0.69,1.12,1.22,1.98,0.56,1
2015-03-16,56.24,56.44,55.64,56.14,68809,-0.1,0.8,-0.18,1.43,0.4,-1
2015-03-13,56.01,56.62,54.53,56.15,108981,0.14,2.09,0.25,3.72,1.04,-1
2015-03-12,53.64,57.09,53.64,56.41,171014,2.77,3.45,4.91,6.11,1.72,1
2015-03-11,52.47,53.44,51.8,53.38,106898,0.91,1.64,1.7,3.07,0.82,1
2015-03-10,51.58,52.56,51.13,52.44,82351,0.86,1.43,1.64,2.73,0.71,1
2015-03-09,53.03,53.33,51.72,51.99,52414,-1.04,1.6,-2.0,3.09,0.8,-1
2015-03-06,54.07,54.27,52.69,52.71,51336,-1.36,1.58,-2.58,3.0,0.79,-1
2015-03-05,55.38,55.38,53.67,54.53,46318,-0.85,1.71,-1.56,3.14,0.85,1
2015-03-04,54.53,54.87,54.0,54.31,32644,-0.22,0.88,-0.41,1.61,0.44,-1
2015-03-03,55.26,55.26,54.24,54.78,37843,-0.48,1.02,-0.88,1.86,0.51,-1
2015-03-02,54.85,56.4,54.72,55.54,55656,0.69,1.68,1.24,3.02,0.84,1
2015-02-27,54.53,55.66,54.4,55.03,83198,0.5,1.26,0.91,2.29,0.63,1
2015-02-26,54.5,54.67,54.19,54.46,48355,-0.04,0.48,-0.07,0.88,0.24,-1
2015-02-25,54.24,55.04,54.14,54.57,57200,0.33,0.91,0.6,1.66,0.45,1
2015-02-24,54.27,54.98,54.07,54.32,59726,0.05,0.91,0.09,1.68,0.45,1
2015-02-23,54.0,54.47,53.79,54.17,59958,0.17,0.68,0.31,1.26,0.34,-1
2015-02-20,52.66,54.38,52.22,54.31,410889,1.65,2.16,3.04,3.98,1.08,1
2015-02-19,52.48,53.0,52.0,52.52,247855,0.04,1.0,0.08,1.9,0.5,1
2015-02-18,52.75,53.19,52.24,52.37,128620,-0.38,0.95,-0.73,1.81,0.47,-1
2015-02-17,53.56,53.8,53.04,53.04,106458,-0.52,0.76,-0.98,1.42,0.38,-1
2015-02-13,54.6,54.93,53.68,53.69,157031,-0.91,1.24,-1.69,2.32,0.62,-1
2015-02-12,55.18,55.44,54.54,54.62,166821,-0.56,0.9,-1.03,1.65,0.45,-1
2015-02-11,55.03,55.14,54.72,54.84,145312,-0.19,0.42,-0.35,0.77,0.21,-1
2015-02-10,55.86,56.33,54.87,54.98,119813,-0.88,1.46,-1.6,2.66,0.73,-1
2015-02-09,55.99,56.24,55.17,55.34,171970,-0.65,1.07,-1.17,1.94,0.54,-1
2015-02-06,57.09,57.26,56.13,56.25,145019,-0.84,1.13,-1.49,2.01,0.56,-1
2015-02-05,56.67,57.33,56.3,57.14,56670,0.47,1.03,0.82,1.8,0.52,1
2015-02-04,57.34,57.73,56.22,56.33,64599,-1.01,1.51,-1.79,2.68,0.75,-1
2015-02-03,57.23,57.87,57.08,57.72,85810,0.49,0.79,0.85,1.37,0.39,1
2015-02-02,56.22,56.8,55.36,56.7,84909,0.48,1.44,0.85,2.54,0.72,1
2015-01-30,58.09,58.45,55.83,55.94,101783,-2.15,2.62,-3.84,4.68,1.31,-1
2015-01-29,58.53,59.0,57.71,58.71,101266,0.18,1.29,0.31,2.2,0.64,1
2015-01-28,58.86,59.24,58.0,58.29,115507,-0.57,1.23,-0.98,2.12,0.62,-1
2015-01-27,56.94,58.76,56.7,58.42,99557,1.48,2.05,2.53,3.52,1.03,1
2015-01-26,56.58,57.47,55.75,57.38,205816,0.8,1.72,1.39,3.0,0.86,1
2015-01-23,58.2,58.92,56.52,56.72,132924,-1.48,2.4,-2.61,4.23,1.2,-1
2015-01-22,56.41,58.08,55.87,58.03,160830,1.62,2.21,2.79,3.81,1.11,1
2015-01-21,55.16,56.33,55.14,56.11,125982,0.95,1.19,1.69,2.12,0.59,1
2015-01-20,55.89,55.9,54.82,55.19,175294,-0.7,1.09,-1.27,1.97,0.54,-1
2015-01-16,54.05,55.92,54.05,55.74,155179,1.69,1.87,3.03,3.35,0.94,1
2015-01-15,55.47,55.59,53.47,54.22,135359,-1.25,2.12,-2.31,3.91,1.06,-1
2015-01-14,55.03,55.71,54.39,55.36,92846,0.33,1.32,0.6,2.38,0.66,-1
2015-01-13,57.07,57.85,54.78,55.59,142058,-1.48,3.07,-2.66,5.52,1.54,-1
2015-01-12,53.94,56.88,53.57,56.71,252463,2.77,3.31,4.88,5.84,1.66,1
2015-01-09,54.75,54.75,53.55,54.24,111089,-0.51,1.2,-0.94,2.21,0.6,-1
2015-01-08,51.93,54.95,51.77,54.69,286485,2.76,3.18,5.05,5.81,1.59,1
2015-01-07,50.73,51.95,50.3,51.28,119699,0.55,1.65,1.07,3.22,0.83,1
2015-01-06,52.39,52.39,50.13,50.26,114411,-2.13,2.26,-4.24,4.5,1.13,-1
2015-01-05,53.85,53.85,52.18,52.46,112903,-1.39,1.67,-2.65,3.18,0.84,-1
2015-01-02,55.31,55.9,53.06,54.05,99995,-1.26,2.84,-2.33,5.25,1.42,-1
2014-12-31,55.61,56.42,55.03,55.21,76077,-0.4,1.39,-0.72,2.52,0.7,-1
2014-12-30,55.83,56.31,55.3,55.43,73587,-0.4,1.01,-0.72,1.82,0.51,-1
2014-12-29,54.65,56.01,54.46,55.78,102788,1.13,1.55,2.03,2.78,0.77,1
2014-12-26,54.59,54.98,54.24,54.74,39773,0.15,0.74,0.27,1.36,0.37,1
2014-12-24,55.11,55.49,54.33,54.37,27599,-0.74,1.16,-1.36,2.13,0.58,-1
2014-12-23,55.29,56.02,54.96,55.29,105413,0.0,1.06,0.0,1.92,0.53,1
2014-12-22,53.64,54.8,53.64,54.75,76747,1.11,1.16,2.03,2.12,0.58,1
2014-12-19,54.0,54.0,52.67,53.38,175176,-0.62,1.33,-1.16,2.49,0.66,-1
2014-12-18,54.52,55.05,53.99,54.03,266657,-0.49,1.06,-0.91,1.96,0.53,-1
2014-12-17,53.56,54.96,53.0,54.23,216986,0.67,1.96,1.24,3.61,0.98,1
2014-12-16,53.98,54.8,52.92,53.47,151773,-0.51,1.88,-0.95,3.52,0.94,-1
2014-12-15,56.58,56.58,53.74,53.94,128713,-2.64,2.84,-4.89,5.27,1.42,-1
2014-12-12,56.47,56.48,55.01,56.01,225086,-0.46,1.47,-0.82,2.62,0.73,-1
2014-12-11,59.05,59.05,56.12,56.77,528289,-2.28,2.93,-4.02,5.16,1.46,-1
2014-12-10,62.59,62.97,61.15,61.27,73177,-1.32,1.82,-2.15,2.97,0.91,-1
2014-12-09,61.79,63.0,61.79,62.58,57875,0.79,1.21,1.26,1.93,0.61,-1
2014-12-08,64.01,64.61,62.35,62.61,49751,-1.4,2.26,-2.24,3.61,1.13,-1
2014-12-05,63.84,64.6,63.46,64.27,35649,0.43,1.14,0.67,1.77,0.57,1
2014-12-04,65.19,65.6,63.33,63.9,123983,-1.29,2.27,-2.02,3.55,1.13,-1
2014-12-03,65.16,66.06,64.58,65.43,75078,0.27,1.48,0.41,2.26,0.74,1
2014-12-02,64.99,65.43,64.53,64.74,45192,-0.25,0.9,-0.39,1.39,0.45,-1
2014-12-01,65.8,66.25,64.94,65.05,84553,-0.75,1.31,-1.15,2.01,0.66,-1
2014-11-28,65.5,66.94,65.01,66.23,32172,0.73,1.93,1.1,2.91,0.96,1
2014-11-26,65.39,66.12,65.02,65.55,48158,0.16,1.1,0.24,1.68,0.55,-1
2014-11-25,66.2,66.2,65.22,65.67,34587,-0.53,0.98,-0.81,1.49,0.49,-1
2014-11-24,65.27,66.01,65.18,65.74,46359,0.47,0.83,0.71,1.26,0.41,1
2014-11-21,66.35,67.08,65.18,65.3,44898,-1.05,1.9,-1.61,2.91,0.95,-1
2014-11-20,65.45,66.43,65.3,65.73,73541,0.28,1.13,0.43,1.72,0.57,-1
2014-11-19,65.4,66.32,65.27,65.88,62491,0.48,1.05,0.73,1.59,0.52,1
2014-11-18,65.48,66.1,65.35,65.41,49509,-0.07,0.75,-0.11,1.15,0.38,1
2014-11-17,65.2,65.81,65.01,65.36,49522,0.16,0.8,0.24,1.22,0.4,-1
2014-11-14,65.75,65.97,65.31,65.5,33463,-0.25,0.66,-0.38,1.02,0.33,-1
2014-11-13,66.88,67.13,65.39,65.65,58140,-1.23,1.74,-1.87,2.66,0.87,-1
2014-11-12,65.27,66.85,65.27,66.71,49409,1.44,1.58,2.16,2.37,0.79,1
2014-11-11,65.81,66.22,65.25,65.43,70680,-0.38,0.97,-0.58,1.48,0.48,-1
2014-11-10,64.73,65.75,64.73,65.66,111466,0.93,1.02,1.42,1.55,0.51,1
2014-11-07,63.96,64.97,63.77,64.85,96507,0.89,1.2,1.37,1.85,0.6,1
2014-11-06,62.42,64.27,62.42,64.17,70819,1.75,1.85,2.73,2.88,0.92,1
2014-11-05,62.43,62.77,61.92,62.59,40000,0.16,0.85,0.26,1.36,0.43,1
2014-11-04,61.99,62.11,61.21,61.81,45472,-0.18,0.9,-0.29,1.46,0.45,-1
2014-11-03,61.21,62.3,61.01,62.11,99250,0.9,1.29,1.45,2.08,0.64,1
2014-10-31,62.44,62.44,60.88,61.25,107119,-1.19,1.56,-1.94,2.55,0.78,1
2014-10-30,60.81,61.54,60.8,61.14,122570,0.33,0.74,0.54,1.21,0.37,1
2014-10-29,60.28,61.9,60.28,61.1,134203,0.82,1.62,1.34,2.65,0.81,-1
2014-10-28,60.93,61.5,60.65,61.21,118361,0.28,0.85,0.46,1.39,0.43,1
2014-10-27,60.85,60.85,59.61,60.73,46683,-0.12,1.24,-0.2,2.04,0.62,-1
2014-10-24,61.3,61.72,60.64,60.92,35179,-0.38,1.08,-0.62,1.77,0.54,-1
2014-10-23,61.09,61.95,60.81,61.13,70425,0.04,1.14,0.07,1.86,0.57,1
2014-10-22,60.0,61.71,59.9,60.78,85290,0.78,1.81,1.28,2.98,0.91,1
2014-10-21,59.25,60.17,58.96,60.0,91766,0.75,1.21,1.25,2.01,0.6,1
2014-10-20,58.11,58.95,58.11,58.86,38185,0.75,0.84,1.27,1.43,0.42,1
2014-10-17,60.16,60.95,58.32,58.52,92816,-1.64,2.63,-2.8,4.49,1.32,-1
2014-10-16,58.29,60.15,58.29,59.75,102686,1.46,1.86,2.44,3.11,0.93,1
2014-10-15,59.4,60.2,58.57,59.08,120471,-0.32,1.63,-0.54,2.76,0.81,-1
2014-10-14,59.89,60.96,59.51,60.2,62099,0.31,1.45,0.51,2.41,0.73,1
2014-10-13,59.63,60.62,58.98,59.44,83398,-0.19,1.64,-0.32,2.76,0.82,-1
2014-10-10,59.59,60.53,59.59,59.78,101944,0.19,0.94,0.32,1.57,0.47,-1
2014-10-09,61.21,61.7,59.89,59.94,115265,-1.27,1.81,-2.12,3.02,0.91,-1
2014-10-08,59.92,61.48,59.68,61.42,85942,1.5,1.8,2.44,2.93,0.9,1
2014-10-07,61.24,61.33,59.71,60.08,148800,-1.16,1.62,-1.93,2.7,0.81,-1
2014-10-06,62.43,62.43,61.4,61.73,38203,-0.7,1.03,-1.13,1.67,0.52,-1
2014-10-03,61.85,63.04,61.55,62.33,81459,0.48,1.49,0.77,2.39,0.75,1
2014-10-02,59.75,61.38,59.75,61.16,85801,1.41,1.63,2.31,2.66,0.81,1
2014-10-01,60.76,60.76,59.31,59.86,146513,-0.9,1.45,-1.5,2.42,0.72,-1
2014-09-30,62.86,63.06,60.98,60.99,118101,-1.87,2.08,-3.07,3.41,1.04,-1
2014-09-29,61.85,63.07,61.85,62.99,64305,1.14,1.22,1.81,1.94,0.61,1
2014-09-26,62.42,62.96,61.96,62.73,61291,0.31,1.0,0.49,1.59,0.5,1
2014-09-25,63.93,63.93,62.14,62.38,60845,-1.55,1.79,-2.48,2.87,0.89,-1
2014-09-24,64.21,64.33,63.71,64.17,53352,-0.04,0.62,-0.06,0.97,0.31,1
2014-09-23,63.81,64.44,63.81,64.16,74265,0.35,0.63,0.55,0.98,0.31,1
2014-09-22,64.4,64.4,63.01,63.99,76518,-0.41,1.39,-0.64,2.17,0.69,-1
2014-09-19,66.18,66.18,64.06,64.54,115700,-1.64,2.12,-2.54,3.28,1.06,-1
2014-09-18,65.55,66.06,65.35,66.01,72900,0.46,0.71,0.7,1.08,0.36,1
2014-09-17,65.34,65.63,64.7,65.27,75300,-0.07,0.93,-0.11,1.42,0.46,1
2014-09-16,65.3,65.61,64.79,65.14,77200,-0.16,0.82,-0.25,1.26,0.41,-1
2014-09-15,65.25,65.57,64.31,65.44,97300,0.19,1.26,0.29,1.93,0.63,1
2014-09-12,65.23,65.51,64.56,65.26,99900,0.03,0.95,0.05,1.46,0.48,1
2014-09-11,63.96,65.42,63.7,65.12,147300,1.16,1.72,1.78,2.64,0.86,1
2014-09-10,62.15,64.59,60.63,64.21,241400,2.06,3.96,3.21,6.17,1.98,1
2014-09-09,62.34,63.01,61.28,61.87,114800,-0.47,1.73,-0.76,2.8,0.86,-1
2014-09-08,61.47,62.56,61.36,62.25,45100,0.78,1.2,1.25,1.93,0.6,1
2014-09-05,61.8,62.21,60.68,61.43,70600,-0.37,1.53,-0.6,2.49,0.77,-1
2014-09-04,62.53,63.13,61.95,62.09,82600,-0.44,1.18,-0.71,1.9,0.59,-1
2014-09-03,62.38,62.7,61.91,62.21,121300,-0.17,0.79,-0.27,1.27,0.4,1
2014-09-02,61.64,62.06,60.94,61.93,98000,0.29,1.12,0.47,1.81,0.56,1
2014-08-29,61.03,61.48,60.46,61.33,97800,0.3,1.02,0.49,1.66,0.51,1
2014-08-28,61.53,61.85,60.75,61.05,43500,-0.48,1.1,-0.79,1.8,0.55,-1
2014-08-27,62.01,62.47,61.14,62.07,130000,0.06,1.33,0.1,2.14,0.66,1
2014-08-26,62.06,62.1,61.44,61.55,64200,-0.51,0.66,-0.83,1.07,0.33,-1
2014-08-25,62.08,62.15,61.33,61.98,75700,-0.1,0.82,-0.16,1.32,0.41,1
2014-08-22,61.51,62.06,60.93,61.77,67100,0.26,1.13,0.42,1.83,0.57,1
2014-08-21,61.4,61.67,60.36,61.43,60600,0.03,1.31,0.05,2.13,0.66,-1
2014-08-20,62.54,62.81,61.12,61.46,62500,-1.08,1.69,-1.76,2.75,0.85,-1
2014-08-19,62.44,62.99,62.44,62.78,34100,0.34,0.55,0.54,0.88,0.28,1
2014-08-18,61.73,62.31,61.54,62.28,105800,0.55,0.77,0.88,1.24,0.39,1
2014-08-15,62.38,62.5,60.36,61.07,75400,-1.31,2.14,-2.15,3.5,1.07,-1
2014-08-14,61.83,62.26,61.08,61.71,29300,-0.12,1.18,-0.19,1.91,0.59,-1
2014-08-13,62.06,62.42,61.39,61.73,63500,-0.33,1.03,-0.53,1.67,0.52,-1
2014-08-12,62.87,63.29,61.4,62.02,40200,-0.85,1.89,-1.37,3.05,0.95,-1
2014-08-11,63.0,64.01,62.88,63.03,43700,0.03,1.13,0.05,1.79,0.57,1
2014-08-08,61.83,63.43,61.83,62.75,91500,0.92,1.6,1.47,2.55,0.8,1
2014-08-07,62.41,62.44,61.3,61.77,47100,-0.64,1.14,-1.04,1.85,0.57,-1
2014-08-06,60.57,62.1,60.57,61.93,67300,1.36,1.53,2.2,2.47,0.77,1
2014-08-05,60.04,61.23,59.7,60.86,45900,0.82,1.53,1.35,2.51,0.76,1
2014-08-04,59.45,60.29,58.21,60.15,83400,0.7,2.08,1.16,3.46,1.04,1
2014-08-01,59.71,59.97,58.53,59.39,63900,-0.32,1.44,-0.54,2.42,0.72,-1
2014-07-31,60.36,60.53,59.04,59.57,66700,-0.79,1.49,-1.33,2.5,0.75,-1
2014-07-30,61.67,61.71,60.88,60.98,30500,-0.69,0.83,-1.13,1.36,0.41,-1
2014-07-29,61.4,61.98,61.07,61.18,30400,-0.22,0.91,-0.36,1.49,0.45,-1
2014-07-28,61.78,61.78,60.39,61.25,46200,-0.53,1.39,-0.87,2.27,0.7,-1
2014-07-25,62.68,63.04,61.44,61.78,43400,-0.9,1.6,-1.46,2.59,0.8,-1
2014-07-24,63.12,63.96,62.88,63.16,44300,0.04,1.08,0.06,1.71,0.54,1
2014-07-23,62.98,63.3,62.59,62.79,30500,-0.19,0.71,-0.3,1.13,0.35,1
2014-07-22,62.36,63.03,62.35,62.63,72500,0.27,0.68,0.43,1.09,0.34,1
2014-07-21,62.11,62.5,61.04,61.98,126500,-0.13,1.46,-0.21,2.36,0.73,-1
2014-07-18,62.02,62.68,61.79,62.4,102700,0.38,0.89,0.61,1.43,0.45,1
2014-07-17,62.82,63.17,62.15,62.18,69300,-0.64,1.02,-1.03,1.64,0.51,-1
2014-07-16,64.08,64.08,63.05,63.28,65300,-0.8,1.03,-1.26,1.63,0.52,-1
2014-07-15,65.45,65.45,63.87,63.91,95000,-1.54,1.58,-2.41,2.47,0.79,-1
2014-07-14,66.04,66.28,65.35,65.62,37900,-0.42,0.93,-0.64,1.42,0.47,1
2014-07-11,66.03,66.03,65.09,65.4,57600,-0.63,0.94,-0.96,1.44,0.47,-1
2014-07-10,65.93,66.91,65.0,65.88,74900,-0.05,1.91,-0.08,2.9,0.95,-1
2014-07-09,66.98,67.7,66.63,67.05,61700,0.07,1.07,0.1,1.6,0.54,1
2014-07-08,67.3,67.37,65.82,66.71,122200,-0.59,1.55,-0.88,2.32,0.78,-1
2014-07-07,67.91,68.56,67.15,67.28,74700,-0.63,1.41,-0.94,2.1,0.7,-1
2014-07-03,68.1,68.86,67.43,68.4,43000,0.3,1.43,0.44,2.09,0.71,1
2014-07-02,68.08,68.54,67.77,67.95,50200,-0.13,0.77,-0.19,1.13,0.39,-1
2014-07-01,66.95,68.76,66.95,67.95,100900,1.0,1.81,1.47,2.66,0.91,1
2014-06-30,67.9,69.21,66.6,66.67,164300,-1.23,2.61,-1.84,3.91,1.3,-1
2014-06-27,67.93,68.75,67.86,67.98,164400,0.05,0.89,0.07,1.31,0.45,-1
2014-06-26,67.02,68.62,66.65,68.43,120000,1.41,1.97,2.06,2.88,0.98,1
2014-06-25,67.33,67.82,66.51,67.32,96200,-0.01,1.31,-0.01,1.95,0.65,-1
2014-06-24,67.63,69.22,67.29,67.53,118500,-0.1,1.93,-0.15,2.86,0.96,-1
2014-06-23,68.0,68.54,67.39,67.72,62400,-0.28,1.15,-0.41,1.7,0.58,-1
2014-06-20,68.72,69.18,68.21,68.23,118000,-0.49,0.97,-0.72,1.42,0.49,-1
2014-06-19,69.21,69.42,68.21,68.34,46500,-0.87,1.21,-1.27,1.77,0.61,-1
2014-06-18,70.05,70.16,68.79,69.02,88000,-1.03,1.37,-1.49,1.98,0.68,-1
2014-06-17,70.0,70.35,69.32,69.76,170100,-0.24,1.03,-0.34,1.48,0.52,-1
2014-06-16,69.67,70.1,69.11,70.02,107900,0.35,0.99,0.5,1.41,0.49,1
2014-06-13,69.65,70.04,69.0,69.53,99700,-0.12,1.04,-0.17,1.5,0.52,1
2014-06-12,69.39,70.27,68.6,69.21,125500,-0.18,1.67,-0.26,2.41,0.84,-1
2014-06-11,70.8,71.44,68.15,69.66,370400,-1.14,3.29,-1.64,4.72,1.64,-1
2014-06-10,68.75,72.63,68.24,72.47,381300,3.72,4.39,5.13,6.06,2.2,1
2014-06-09,66.44,68.84,66.44,68.75,288800,2.31,2.4,3.36,3.49,1.2,1
2014-06-06,65.85,65.9,64.77,64.96,132400,-0.89,1.13,-1.37,1.74,0.57,-1
2014-06-05,66.08,66.64,65.0,65.49,177600,-0.59,1.64,-0.9,2.5,0.82,-1
2014-06-04,64.2,66.76,63.33,66.27,108500,2.07,3.43,3.12,5.18,1.72,1
2014-06-03,64.56,64.81,63.53,64.5,96500,-0.06,1.28,-0.09,1.98,0.64,-1
2014-06-02,64.15,65.26,62.98,64.6,99500,0.45,2.28,0.7,3.53,1.14,1
2014-05-30,64.87,65.3,63.64,63.93,104600,-0.94,1.66,-1.47,2.6,0.83,-1
2014-05-29,65.61,65.63,64.38,64.66,31800,-0.95,1.25,-1.47,1.93,0.62,-1
2014-05-28,65.69,66.07,65.06,65.29,59800,-0.4,1.01,-0.61,1.55,0.5,-1
2014-05-27,64.52,66.33,64.52,65.99,58100,1.47,1.81,2.23,2.74,0.91,1
2014-05-23,64.13,64.98,63.9,64.28,37200,0.15,1.08,0.23,1.68,0.54,1
2014-05-22,63.11,64.21,63.11,63.85,66400,0.74,1.1,1.16,1.72,0.55,1
2014-05-21,63.53,64.08,62.72,63.12,56300,-0.41,1.36,-0.65,2.15,0.68,1
2014-05-20,63.55,63.55,61.91,63.08,86700,-0.47,1.64,-0.75,2.6,0.82,-1
2014-05-19,63.01,63.99,63.01,63.59,46100,0.58,0.98,0.91,1.54,0.49,1
2014-05-16,62.03,63.09,62.03,63.03,33800,1.0,1.06,1.59,1.68,0.53,1
2014-05-15,61.88,62.45,60.69,62.01,52900,0.13,1.76,0.21,2.84,0.88,-1
2014-05-14,63.22,63.22,61.84,62.32,83000,-0.9,1.38,-1.44,2.21,0.69,-1
2014-05-13,64.13,64.28,63.16,63.56,99900,-0.57,1.12,-0.9,1.76,0.56,-1
2014-05-12,62.8,64.79,62.78,63.81,123500,1.01,2.01,1.58,3.15,1.01,1
2014-05-09,62.14,63.96,61.25,63.32,95000,1.18,2.71,1.86,4.28,1.36,1
2014-05-08,63.36,65.01,62.29,62.41,68400,-0.95,2.72,-1.52,4.36,1.36,-1
2014-05-07,63.7,63.89,61.69,63.26,69100,-0.44,2.2,-0.7,3.48,1.1,-1
2014-05-06,64.84,65.61,63.08,63.59,57800,-1.25,2.53,-1.97,3.98,1.27,-1
2014-05-05,65.15,66.02,64.26,65.28,61900,0.13,1.76,0.2,2.7,0.88,-1
2014-05-02,66.8,67.3,65.5,65.74,50600,-1.06,1.8,-1.61,2.74,0.9,-1
2014-05-01,66.21,66.83,65.41,66.65,84400,0.44,1.42,0.66,2.13,0.71,1
2014-04-30,65.57,66.05,64.17,66.01,58000,0.44,1.88,0.67,2.85,0.94,1
2014-04-29,65.97,66.5,65.39,65.64,36300,-0.33,1.11,-0.5,1.69,0.55,-1
2014-04-28,66.27,67.67,64.42,65.72,83800,-0.55,3.25,-0.84,4.95,1.62,-1
2014-04-25,68.06,68.69,65.44,66.19,108100,-1.87,3.25,-2.83,4.91,1.62,-1
2014-04-24,69.63,69.91,67.85,68.37,99300,-1.26,2.06,-1.84,3.01,1.03,-1
2014-04-23,69.57,70.07,69.13,69.23,78500,-0.34,0.94,-0.49,1.36,0.47,-1
2014-04-22,68.09,69.95,67.8,69.5,52400,1.41,2.15,2.03,3.09,1.08,1
2014-04-21,69.32,69.32,67.75,68.07,40400,-1.25,1.57,-1.84,2.31,0.78,-1
2014-04-17,69.67,70.2,68.94,69.38,45300,-0.29,1.26,-0.42,1.82,0.63,-1
2014-04-16,68.55,69.87,68.24,69.68,48700,1.13,1.63,1.62,2.34,0.82,1
2014-04-15,68.65,69.96,66.58,68.31,97000,-0.34,3.38,-0.5,4.95,1.69,-1
2014-04-14,69.9,70.06,67.99,68.51,65900,-1.39,2.07,-2.03,3.02,1.04,-1
2014-04-11,69.08,69.85,68.23,68.97,94000,-0.11,1.62,-0.16,2.35,0.81,-1
2014-04-10,72.5,72.87,69.84,69.92,75600,-2.58,3.03,-3.69,4.33,1.52,-1
2014-04-09,73.64,73.64,72.22,72.57,76200,-1.07,1.42,-1.47,1.96,0.71,-1
2014-04-08,72.81,74.46,72.12,73.49,155600,0.68,2.34,0.93,3.18,1.17,1
2014-04-07,74.0,74.0,72.05,72.73,88300,-1.27,1.95,-1.75,2.68,0.98,-1
2014-04-04,76.75,76.99,74.04,74.38,72100,-2.37,2.95,-3.19,3.97,1.47,-1
2014-04-03,77.62,77.97,75.81,76.33,58700,-1.29,2.16,-1.69,2.83,1.08,-1
2014-04-02,77.01,77.86,75.96,77.72,80900,0.71,1.9,0.91,2.44,0.95,1
2014-04-01,78.47,78.47,76.02,76.8,102500,-1.67,2.45,-2.17,3.19,1.23,-1
2014-03-31,76.44,79.55,76.33,78.2,158800,1.76,3.22,2.25,4.12,1.61,1
2014-03-28,73.56,78.41,73.04,76.28,162500,2.72,5.37,3.57,7.04,2.68,1
2014-03-27,72.82,74.26,72.07,73.9,133300,1.08,2.19,1.46,2.96,1.1,1
2014-03-26,74.88,75.47,72.76,73.12,76300,-1.76,2.71,-2.41,3.71,1.35,-1
2014-03-25,75.47,75.47,73.34,74.19,78900,-1.28,2.13,-1.73,2.87,1.06,-1
2014-03-24,77.87,78.05,74.95,75.18,99300,-2.69,3.1,-3.58,4.12,1.55,-1
2014-03-21,78.6,79.39,77.59,77.6,141100,-1.0,1.8,-1.29,2.32,0.9,-1
2014-03-20,78.63,79.09,78.53,78.67,43100,0.04,0.56,0.05,0.71,0.28,-1
2014-03-19,79.04,79.55,78.12,78.9,40200,-0.14,1.43,-0.18,1.81,0.71,-1
2014-03-18,78.99,79.57,78.96,79.28,70300,0.29,0.61,0.37,0.77,0.3,1
2014-03-17,79.61,80.14,78.89,78.92,67300,-0.69,1.25,-0.87,1.58,0.62,-1
2014-03-14,78.78,80.22,78.54,79.33,75600,0.55,1.68,0.69,2.12,0.84,1
2014-03-13,79.65,79.79,78.97,79.0,53500,-0.65,0.82,-0.82,1.04,0.41,-1
2014-03-12,80.28,80.28,78.8,79.42,74400,-0.86,1.48,-1.08,1.86,0.74,-1
2014-03-11,81.61,81.83,79.72,80.46,51200,-1.15,2.11,-1.43,2.62,1.05,-1
2014-03-10,82.14,82.84,81.18,81.5,66800,-0.64,1.66,-0.79,2.04,0.83,-1
2014-03-07,81.09,82.65,80.86,82.02,66300,0.93,1.79,1.13,2.18,0.9,1
2014-03-06,81.56,82.0,80.17,80.58,47500,-0.98,1.83,-1.22,2.27,0.91,-1
2014-03-05,81.05,81.92,80.7,81.6,50800,0.55,1.22,0.67,1.5,0.61,1
2014-03-04,79.6,81.75,79.29,81.23,110800,1.63,2.46,2.01,3.03,1.23,1
2014-03-03,77.82,78.55,77.16,78.45,41700,0.63,1.39,0.8,1.77,0.7,1
2014-02-28,78.27,78.57,77.04,78.26,54200,-0.01,1.53,-0.01,1.96,0.76,1
2014-02-27,78.15,78.6,77.37,78.08,43900,-0.07,1.23,-0.09,1.58,0.61,-1
2014-02-26,75.57,79.78,75.57,78.39,86300,2.82,4.21,3.6,5.37,2.11,1
2014-02-25,74.27,75.79,73.9,75.63,37900,1.36,1.89,1.8,2.5,0.95,1
2014-02-24,73.27,74.72,73.27,74.35,58300,1.08,1.45,1.45,1.95,0.73,1
2014-02-21,73.4,74.0,72.8,73.37,56300,-0.03,1.2,-0.04,1.64,0.6,1
2014-02-20,73.13,73.73,72.99,73.06,67500,-0.07,0.74,-0.1,1.01,0.37,-1
2014-02-19,72.8,73.47,72.08,73.11,73300,0.31,1.39,0.42,1.9,0.7,1
2014-02-18,73.54,73.7,71.5,72.79,176800,-0.75,2.2,-1.03,3.02,1.1,-1
2014-02-14,74.0,74.0,71.97,73.73,441800,-0.27,2.03,-0.37,2.75,1.02,-1
2014-02-13,75.0,77.07,75.0,76.56,124500,1.56,2.07,2.04,2.7,1.03,1
2014-02-12,74.1,75.19,73.47,75.04,68100,0.94,1.72,1.25,2.29,0.86,1
2014-02-11,73.25,74.65,72.83,73.98,47200,0.73,1.82,0.99,2.46,0.91,1
2014-02-10,73.37,73.48,71.62,73.0,59900,-0.37,1.86,-0.51,2.55,0.93,-1
2014-02-07,72.44,73.61,72.04,73.2,88900,0.76,1.57,1.04,2.14,0.78,1
2014-02-06,72.3,73.68,72.02,72.27,73300,-0.03,1.66,-0.04,2.3,0.83,-1
2014-02-05,73.71,74.64,72.01,72.28,109800,-1.43,2.63,-1.98,3.64,1.31,-1
2014-02-04,73.42,74.48,72.95,74.28,218000,0.86,1.53,1.16,2.06,0.77,1
2014-02-03,75.38,75.38,72.03,72.88,91400,-2.5,3.35,-3.43,4.6,1.67,-1
2014-01-31,74.49,76.05,74.29,75.47,77600,0.98,1.76,1.3,2.33,0.88,-1
2014-01-30,76.33,76.87,75.47,75.64,66700,-0.69,1.4,-0.91,1.85,0.7,1
2014-01-29,77.18,77.45,74.51,75.59,59900,-1.59,2.94,-2.1,3.89,1.47,-1
2014-01-28,76.2,77.91,75.96,77.63,69800,1.43,1.95,1.84,2.51,0.98,1
2014-01-27,76.6,77.21,75.71,76.03,64100,-0.57,1.5,-0.75,1.97,0.75,-1
2014-01-24,77.1,77.55,75.88,76.67,47000,-0.43,1.67,-0.56,2.18,0.84,-1
2014-01-23,77.65,78.32,76.85,77.66,73400,0.01,1.47,0.01,1.89,0.73,-1
2014-01-22,78.98,79.24,77.59,77.85,81600,-1.13,1.65,-1.45,2.12,0.82,-1
2014-01-21,79.6,81.2,78.87,78.96,106100,-0.64,2.33,-0.81,2.95,1.16,-1
2014-01-17,80.16,81.03,78.71,79.2,73200,-0.96,2.32,-1.21,2.93,1.16,-1
2014-01-16,79.95,80.27,79.32,79.99,64200,0.04,0.95,0.05,1.19,0.48,-1
2014-01-15,76.74,81.34,76.74,80.16,131900,3.42,4.6,4.27,5.74,2.3,1
2014-01-14,77.08,77.08,75.81,76.73,97600,-0.35,1.27,-0.46,1.66,0.63,-1
2014-01-13,79.02,79.02,76.31,76.88,63200,-2.14,2.71,-2.78,3.52,1.35,-1
2014-01-10,80.17,80.17,78.47,79.16,60000,-1.01,1.7,-1.28,2.15,0.85,-1
2014-01-09,80.84,80.95,78.95,79.95,108300,-0.89,2.0,-1.11,2.5,1.0,-1
2014-01-08,80.23,81.68,80.08,80.36,113300,0.13,1.6,0.16,1.99,0.8,-1
2014-01-07,81.5,82.16,80.54,81.3,77500,-0.2,1.62,-0.25,1.99,0.81,1
2014-01-06,81.35,81.84,80.41,81.13,86500,-0.22,1.43,-0.27,1.76,0.72,1
2014-01-03,80.71,81.0,80.06,80.81,32200,0.1,0.94,0.12,1.16,0.47,1
2014-01-02,80.67,81.62,79.86,80.72,83700,0.05,1.76,0.06,2.18,0.88,1
2013-12-31,79.95,81.23,79.95,80.67,79300,0.72,1.28,0.89,1.59,0.64,1
2013-12-30,78.68,80.16,78.68,79.56,76200,0.88,1.48,1.11,1.86,0.74,1
2013-12-27,80.42,80.47,78.14,78.93,71000,-1.49,2.33,-1.89,2.95,1.16,-1
2013-12-26,80.08,80.8,79.5,80.06,19700,-0.02,1.3,-0.02,1.62,0.65,1
2013-12-24,79.72,80.2,78.73,79.68,45600,-0.04,1.47,-0.05,1.84,0.73,-1
2013-12-23,79.45,80.23,78.48,79.96,77200,0.51,1.75,0.64,2.19,0.88,1
2013-12-20,78.52,79.67,78.14,79.22,105200,0.7,1.53,0.88,1.93,0.77,1
2013-12-19,77.71,78.5,76.94,78.23,86400,0.52,1.56,0.66,1.99,0.78,1
2013-12-18,76.52,78.31,75.58,78.03,67100,1.51,2.73,1.94,3.5,1.37,1
2013-12-17,76.48,76.82,75.32,76.64,69300,0.16,1.5,0.21,1.96,0.75,-1
2013-12-16,76.95,77.89,76.41,76.68,65600,-0.27,1.48,-0.35,1.93,0.74,-1
2013-12-13,77.16,77.39,76.6,76.85,71800,-0.31,0.79,-0.4,1.03,0.4,-1
2013-12-12,75.0,77.63,73.16,76.88,238200,1.88,4.47,2.45,5.81,2.23,1
2013-12-11,73.12,73.67,71.29,73.1,125300,-0.02,2.38,-0.03,3.26,1.19,1
2013-12-10,73.0,73.43,72.22,72.8,65100,-0.2,1.21,-0.27,1.66,0.61,-1
2013-12-09,73.45,74.25,73.01,73.22,39700,-0.23,1.24,-0.31,1.69,0.62,-1
2013-12-06,74.28,75.13,72.68,73.56,27700,-0.72,2.45,-0.98,3.33,1.22,1
2013-12-05,73.08,74.21,72.75,73.52,37300,0.44,1.46,0.6,1.99,0.73,1
2013-12-04,72.94,73.52,72.55,72.97,31900,0.03,0.97,0.04,1.33,0.48,-1
2013-12-03,73.31,73.88,72.8,73.4,66400,0.09,1.08,0.12,1.47,0.54,1
2013-12-02,75.0,75.0,72.91,73.31,26500,-1.69,2.09,-2.31,2.85,1.05,-1
2013-11-29,75.62,75.82,74.78,75.2,21900,-0.42,1.04,-0.56,1.38,0.52,-1
2013-11-27,74.5,75.34,74.5,75.23,73900,0.73,0.84,0.97,1.12,0.42,1
2013-11-26,73.92,75.0,73.29,74.45,84000,0.53,1.71,0.71,2.3,0.85,1
2013-11-25,74.1,75.39,73.02,73.69,56900,-0.41,2.37,-0.56,3.22,1.19,-1
2013-11-22,73.86,74.44,73.65,74.11,46600,0.25,0.79,0.34,1.07,0.39,1
2013-11-21,73.7,74.3,72.89,73.99,76900,0.29,1.41,0.39,1.91,0.7,1
2013-11-20,73.36,74.24,72.54,73.59,29200,0.23,1.7,0.31,2.31,0.85,1
2013-11-19,72.97,73.84,72.11,73.47,77900,0.5,1.73,0.68,2.35,0.87,1
2013-11-18,73.73,74.37,72.78,73.15,18400,-0.58,1.59,-0.79,2.17,0.8,-1
2013-11-15,73.34,73.81,72.32,73.69,29000,0.35,1.49,0.47,2.02,0.75,1
2013-11-14,73.39,73.5,72.78,73.4,33900,0.01,0.72,0.01,0.98,0.36,-1
2013-11-13,73.48,74.43,72.99,73.58,76000,0.1,1.44,0.14,1.96,0.72,-1
2013-11-12,72.66,73.94,72.63,73.77,25100,1.11,1.31,1.5,1.78,0.66,1
2013-11-11,72.21,73.49,72.12,72.99,59800,0.78,1.37,1.07,1.88,0.68,1
2013-11-08,71.85,73.2,71.85,72.55,34100,0.7,1.35,0.96,1.86,0.68,1
2013-11-07,73.61,73.61,71.36,71.96,55500,-1.65,2.25,-2.29,3.13,1.12,-1
2013-11-06,73.0,73.7,71.49,73.57,76700,0.57,2.21,0.77,3.0,1.11,1
2013-11-05,73.2,73.2,71.96,72.59,85800,-0.61,1.24,-0.84,1.71,0.62,-1
2013-11-04,69.97,74.0,69.62,73.53,137200,3.56,4.38,4.84,5.96,2.19,1
2013-11-01,71.55,71.82,68.52,69.84,156600,-1.71,3.3,-2.45,4.73,1.65,-1
2013-10-31,70.23,72.25,69.9,71.77,64400,1.54,2.35,2.15,3.27,1.17,1
2013-10-30,70.97,71.54,70.66,70.89,40700,-0.08,0.88,-0.11,1.24,0.44,1
2013-10-29,71.5,71.5,70.39,70.71,130100,-0.79,1.11,-1.12,1.57,0.55,-1
2013-10-28,69.11,71.53,69.1,71.48,77400,2.37,2.43,3.32,3.4,1.22,1
2013-10-25,70.28,70.28,68.43,69.18,71000,-1.1,1.85,-1.59,2.67,0.92,-1
2013-10-24,71.16,71.61,70.27,71.06,28000,-0.1,1.34,-0.14,1.89,0.67,-1
2013-10-23,69.9,71.39,69.65,71.16,42700,1.26,1.74,1.77,2.45,0.87,1
2013-10-22,70.46,70.95,70.1,70.39,48600,-0.07,0.85,-0.1,1.21,0.43,1
2013-10-21,70.53,71.03,69.85,70.36,36900,-0.17,1.18,-0.24,1.68,0.59,-1
2013-10-18,69.8,70.8,69.1,70.57,58300,0.77,1.7,1.09,2.41,0.85,1
2013-10-17,68.56,69.26,68.11,69.2,58800,0.64,1.15,0.92,1.66,0.58,1
2013-10-16,68.21,68.88,67.0,68.79,43200,0.58,1.88,0.84,2.73,0.94,1
2013-10-15,68.75,68.81,67.01,68.19,53200,-0.56,1.8,-0.82,2.64,0.9,-1
2013-10-14,67.1,68.85,67.1,68.76,50300,1.66,1.75,2.41,2.55,0.88,1
2013-10-11,65.92,68.11,65.92,67.48,57700,1.56,2.19,2.31,3.25,1.09,1
2013-10-10,66.36,66.95,65.74,66.4,44400,0.04,1.21,0.06,1.82,0.61,1
2013-10-09,64.19,66.49,63.32,65.44,122400,1.25,3.17,1.91,4.84,1.58,1
2013-10-08,66.76,66.82,63.62,64.09,53600,-2.67,3.2,-4.17,4.99,1.6,-1
2013-10-07,67.51,68.18,66.17,66.57,44100,-0.94,2.01,-1.41,3.02,1.01,-1
2013-10-04,67.36,68.56,67.36,67.98,66700,0.62,1.2,0.91,1.77,0.6,1
2013-10-03,68.02,68.02,67.0,67.54,75900,-0.48,1.02,-0.71,1.51,0.51,-1
2013-10-02,67.78,68.05,66.68,67.92,75400,0.14,1.37,0.21,2.02,0.68,-1
2013-10-01,68.15,68.25,67.1,68.1,50300,-0.05,1.15,-0.07,1.69,0.58,1
2013-09-30,66.86,68.09,66.76,67.98,57200,1.12,1.33,1.65,1.96,0.66,1
2013-09-27,67.4,67.88,66.98,67.65,62400,0.25,0.9,0.37,1.33,0.45,1
2013-09-26,66.48,67.65,66.01,67.6,48600,1.12,1.64,1.66,2.43,0.82,1
2013-09-25,67.37,67.37,65.73,66.32,76100,-1.05,1.64,-1.58,2.47,0.82,-1
2013-09-24,67.0,68.15,66.47,67.5,48000,0.5,1.68,0.74,2.49,0.84,1
2013-09-23,67.4,67.67,65.96,66.93,78900,-0.47,1.71,-0.7,2.55,0.86,-1
2013-09-20,68.38,68.55,67.4,67.63,115700,-0.75,1.15,-1.11,1.7,0.57,-1
2013-09-19,67.66,68.3,66.89,67.98,30200,0.32,1.41,0.47,2.07,0.7,1
2013-09-18,66.86,67.61,65.72,67.52,26900,0.66,1.89,0.98,2.8,0.95,1
2013-09-17,66.19,66.87,66.17,66.83,59800,0.64,0.7,0.96,1.05,0.35,1
2013-09-16,67.0,67.38,66.2,66.27,48900,-0.73,1.18,-1.1,1.78,0.59,-1
2013-09-13,64.84,66.68,64.42,66.6,101500,1.76,2.26,2.64,3.39,1.13,1
2013-09-12,64.99,65.05,64.11,64.63,96100,-0.36,0.94,-0.56,1.45,0.47,-1
2013-09-11,62.0,65.21,61.53,65.15,283300,3.15,3.68,4.83,5.65,1.84,1
2013-09-10,63.97,64.82,62.61,64.72,168700,0.75,2.21,1.16,3.41,1.1,1
2013-09-09,63.95,64.5,63.78,63.86,76500,-0.09,0.72,-0.14,1.13,0.36,-1
2013-09-06,64.33,64.75,63.02,63.94,55800,-0.39,1.73,-0.61,2.71,0.86,-1
2013-09-05,64.26,64.64,64.15,64.17,49600,-0.09,0.49,-0.14,0.76,0.24,-1
2013-09-04,62.99,65.93,62.78,64.37,343100,1.38,3.15,2.14,4.89,1.58,1
2013-09-03,62.53,63.26,62.1,63.1,125000,0.57,1.16,0.9,1.84,0.58,1
2013-08-30,62.09,62.17,61.8,62.04,92100,-0.05,0.37,-0.08,0.6,0.19,1
2013-08-29,62.61,62.61,61.63,61.94,212200,-0.67,0.98,-1.08,1.58,0.49,-1
2013-08-28,61.74,62.7,61.1,62.51,276100,0.77,1.6,1.23,2.56,0.8,1
2013-08-27,62.55,63.0,61.69,61.99,128500,-0.56,1.31,-0.9,2.11,0.66,-1
2013-08-26,64.64,64.74,62.96,63.29,178100,-1.35,1.78,-2.13,2.81,0.89,-1
2013-08-23,65.99,66.28,64.2,64.36,128100,-1.63,2.08,-2.53,3.23,1.04,-1
2013-08-22,66.45,66.81,64.78,65.95,36600,-0.5,2.03,-0.76,3.08,1.02,-1
2013-08-21,66.39,67.25,66.19,66.21,38300,-0.18,1.06,-0.27,1.6,0.53,-1
2013-08-20,66.1,67.66,65.21,66.73,49600,0.63,2.45,0.94,3.67,1.23,1
2013-08-19,67.0,67.0,65.86,65.95,65900,-1.05,1.14,-1.59,1.73,0.57,-1
2013-08-16,67.0,67.26,66.57,66.94,66300,-0.06,0.69,-0.09,1.03,0.35,-1
2013-08-15,67.61,67.81,67.19,67.35,53600,-0.26,0.62,-0.39,0.92,0.31,-1
2013-08-14,68.65,69.06,68.2,68.43,51300,-0.22,0.86,-0.32,1.26,0.43,-1
2013-08-13,67.84,69.14,67.37,68.84,38200,1.0,1.77,1.45,2.57,0.88,1
2013-08-12,67.31,69.19,66.63,67.91,72000,0.6,2.56,0.88,3.77,1.28,1
2013-08-09,67.15,68.3,67.15,67.7,49500,0.55,1.15,0.81,1.7,0.57,1
2013-08-08,67.69,68.13,67.08,67.48,39900,-0.21,1.05,-0.31,1.56,0.52,1
2013-08-07,67.61,68.05,66.89,67.27,77300,-0.34,1.16,-0.51,1.72,0.58,-1
2013-08-06,67.96,68.63,67.33,67.96,64000,0.0,1.3,0.0,1.91,0.65,-1
2013-08-05,68.23,69.28,68.18,68.2,69900,-0.03,1.1,-0.04,1.61,0.55,-1
2013-08-02,68.44,68.9,67.69,68.2,198500,-0.24,1.21,-0.35,1.77,0.61,-1
2013-08-01,68.33,68.79,67.21,68.52,76200,0.19,1.58,0.28,2.31,0.79,1
2013-07-31,68.51,69.09,67.5,67.67,63500,-0.84,1.59,-1.24,2.35,0.8,-1
2013-07-30,67.85,68.68,66.5,68.53,104000,0.68,2.18,0.99,3.18,1.09,1
2013-07-29,67.31,68.58,67.16,67.45,119700,0.14,1.42,0.21,2.11,0.71,-1
2013-07-26,66.97,67.94,65.52,67.62,92300,0.65,2.42,0.96,3.58,1.21,1
2013-07-25,65.98,68.25,65.78,67.51,105400,1.53,2.47,2.27,3.66,1.23,1
2013-07-24,65.98,66.71,65.44,66.2,55400,0.22,1.27,0.33,1.92,0.63,1
2013-07-23,67.12,67.36,65.79,65.94,57400,-1.18,1.57,-1.79,2.38,0.78,-1
2013-07-22,65.81,66.68,65.25,66.13,41700,0.32,1.43,0.48,2.16,0.72,1
2013-07-19,65.51,66.27,64.95,65.57,73000,0.06,1.32,0.09,2.01,0.66,-1
2013-07-18,65.31,65.97,64.84,65.77,35600,0.46,1.13,0.7,1.72,0.56,1
2013-07-17,66.58,66.58,64.55,65.16,94400,-1.42,2.03,-2.18,3.12,1.02,-1
2013-07-16,67.51,67.79,66.35,66.46,64900,-1.05,1.44,-1.58,2.17,0.72,-1
2013-07-15,66.67,67.72,65.93,67.32,53700,0.65,1.79,0.97,2.66,0.89,1
2013-07-12,67.04,67.87,66.32,66.58,90500,-0.46,1.55,-0.69,2.33,0.78,-1
2013-07-11,66.39,67.49,65.7,67.13,90100,0.74,1.79,1.1,2.67,0.89,1
2013-07-10,65.72,66.38,65.27,65.88,56600,0.16,1.11,0.24,1.68,0.55,-1
2013-07-09,65.23,65.95,64.18,65.93,85000,0.7,1.77,1.06,2.68,0.88,1
2013-07-08,64.97,65.7,64.06,64.59,154100,-0.38,1.64,-0.59,2.54,0.82,-1
2013-07-05,64.25,64.96,63.76,64.88,64700,0.63,1.2,0.97,1.85,0.6,1
2013-07-03,63.36,63.89,63.18,63.57,39100,0.21,0.71,0.33,1.12,0.36,-1
2013-07-02,63.36,63.75,63.07,63.63,65900,0.27,0.68,0.42,1.07,0.34,1
2013-07-01,62.57,64.61,62.57,63.56,73400,0.99,2.04,1.56,3.21,1.02,1
2013-06-28,61.48,62.67,61.44,62.4,266000,0.92,1.23,1.47,1.97,0.62,1
2013-06-27,60.97,61.54,60.31,61.43,105100,0.46,1.23,0.75,2.0,0.61,1
2013-06-26,60.0,60.7,59.94,60.53,165900,0.53,0.76,0.88,1.26,0.38,1
2013-06-25,58.61,59.87,58.37,59.56,130400,0.95,1.5,1.6,2.52,0.75,1
2013-06-24,59.37,59.37,57.86,58.53,94900,-0.84,1.51,-1.44,2.58,0.75,-1
2013-06-21,61.43,61.57,59.38,60.09,314400,-1.34,2.19,-2.23,3.64,1.09,-1
2013-06-20,62.79,63.17,61.05,61.17,46700,-1.62,2.12,-2.65,3.47,1.06,-1
2013-06-19,64.23,64.32,63.26,63.47,53200,-0.76,1.06,-1.2,1.67,0.53,-1
2013-06-18,64.06,64.66,64.06,64.24,45900,0.18,0.6,0.28,0.93,0.3,1
2013-06-17,64.33,65.48,63.59,63.9,54400,-0.43,1.89,-0.67,2.96,0.95,-1
2013-06-14,64.99,65.0,62.99,63.98,205400,-1.01,2.01,-1.58,3.14,1.0,-1
2013-06-13,64.19,66.14,63.88,65.73,95500,1.54,2.26,2.34,3.44,1.13,1
2013-06-12,65.5,66.8,62.8,64.0,287500,-1.5,4.0,-2.34,6.25,2.0,-1
2013-06-11,63.4,64.45,62.43,64.45,276300,1.05,2.02,1.63,3.13,1.01,1
2013-06-10,64.1,64.47,63.49,63.85,82600,-0.25,0.98,-0.39,1.53,0.49,-1
2013-06-07,63.97,64.57,63.61,63.96,70000,-0.01,0.96,-0.02,1.5,0.48,1
2013-06-06,63.85,64.02,62.73,63.49,110500,-0.36,1.29,-0.57,2.03,0.64,-1
2013-06-05,64.76,65.73,63.73,64.0,75800,-0.76,2.0,-1.19,3.13,1.0,-1
2013-06-04,65.63,66.26,64.33,64.76,63000,-0.87,1.93,-1.34,2.98,0.97,-1
2013-06-03,65.94,66.58,64.91,65.48,95000,-0.46,1.67,-0.7,2.55,0.84,-1
2013-05-31,65.22,66.72,65.22,65.69,30900,0.47,1.5,0.72,2.28,0.75,1
2013-05-30,65.29,65.93,64.89,65.67,87700,0.38,1.04,0.58,1.58,0.52,1
2013-05-29,65.86,66.61,64.96,64.98,56600,-0.88,1.65,-1.35,2.54,0.83,-1
2013-05-28,65.83,67.0,65.57,66.23,64900,0.4,1.43,0.6,2.16,0.72,1
2013-05-24,64.61,65.44,64.29,64.9,83600,0.29,1.15,0.45,1.77,0.57,1
2013-05-23,63.99,65.17,63.99,64.8,67800,0.81,1.18,1.25,1.82,0.59,1
2013-05-22,64.66,65.26,63.96,64.43,82400,-0.23,1.3,-0.36,2.02,0.65,-1
2013-05-21,64.69,64.98,64.52,64.78,73200,0.09,0.46,0.14,0.71,0.23,1
2013-05-20,64.16,64.66,63.95,64.55,112400,0.39,0.71,0.6,1.1,0.35,1
2013-05-17,64.68,64.94,64.29,64.45,103300,-0.23,0.65,-0.36,1.01,0.32,1
2013-05-16,64.62,65.0,64.0,64.34,45800,-0.28,1.0,-0.44,1.55,0.5,-1
2013-05-15,63.28,64.91,63.28,64.45,36000,1.17,1.63,1.82,2.53,0.81,1
2013-05-14,62.97,64.23,62.97,63.58,95300,0.61,1.26,0.96,1.98,0.63,1
2013-05-13,62.71,63.84,62.71,63.05,77500,0.34,1.13,0.54,1.79,0.57,1
2013-05-10,61.8,63.0,61.8,62.99,66400,1.19,1.2,1.89,1.91,0.6,1
2013-05-09,61.82,62.83,61.42,61.65,60100,-0.17,1.41,-0.28,2.29,0.7,-1
2013-05-08,61.13,62.11,61.13,61.85,62900,0.72,0.98,1.16,1.58,0.49,1
2013-05-07,60.26,61.49,60.17,61.31,68200,1.05,1.32,1.71,2.15,0.66,1
2013-05-06,60.85,61.34,60.13,60.35,48600,-0.5,1.21,-0.83,2.0,0.61,-1
2013-05-03,59.91,60.71,59.79,60.61,115800,0.7,0.92,1.15,1.52,0.46,1
2013-05-02,58.91,59.9,58.7,59.47,79300,0.56,1.2,0.94,2.02,0.6,1
2013-05-01,58.77,58.9,57.94,58.5,137800,-0.27,0.96,-0.46,1.64,0.48,-1
2013-04-30,59.59,59.59,58.61,59.13,102000,-0.46,0.98,-0.78,1.66,0.49,-1
2013-04-29,59.09,59.72,58.37,59.44,48700,0.35,1.35,0.59,2.27,0.68,1
2013-04-26,59.09,59.51,58.25,59.03,80400,-0.06,1.26,-0.1,2.13,0.63,-1
2013-04-25,59.01,59.87,58.82,59.36,150900,0.35,1.05,0.59,1.77,0.52,1
2013-04-24,58.46,58.87,57.89,58.78,87000,0.32,0.98,0.54,1.67,0.49,1
2013-04-23,56.85,59.08,56.81,58.34,110900,1.49,2.27,2.55,3.89,1.13,1
2013-04-22,56.7,56.71,55.67,56.52,64200,-0.18,1.04,-0.32,1.84,0.52,-1
2013-04-19,56.09,56.67,55.73,56.62,99300,0.53,0.94,0.94,1.66,0.47,1
2013-04-18,56.13,56.58,55.86,56.02,156200,-0.11,0.72,-0.2,1.29,0.36,-1
2013-04-17,56.62,56.62,55.55,56.21,162000,-0.41,1.07,-0.73,1.9,0.54,-1
2013-04-16,56.94,57.24,56.6,57.17,160900,0.23,0.64,0.4,1.12,0.32,1
2013-04-15,57.15,57.38,56.44,56.47,170300,-0.68,0.94,-1.2,1.66,0.47,-1
2013-04-12,57.58,57.84,56.75,57.37,131600,-0.21,1.09,-0.37,1.9,0.55,-1
2013-04-11,54.93,58.04,54.79,57.91,180700,2.98,3.25,5.15,5.61,1.62,1
2013-04-10,55.28,55.54,54.84,55.09,189300,-0.19,0.7,-0.34,1.27,0.35,-1
2013-04-09,56.12,56.12,55.15,55.15,70900,-0.97,0.97,-1.76,1.76,0.48,-1
2013-04-08,54.53,56.32,54.47,56.23,120700,1.7,1.85,3.02,3.29,0.93,1
2013-04-05,54.15,54.53,53.81,54.48,189900,0.33,0.72,0.61,1.32,0.36,-1
2013-04-04,53.85,54.79,53.4,54.78,95500,0.93,1.39,1.7,2.54,0.7,1
2013-04-03,52.42,54.88,52.42,53.95,518200,1.53,2.46,2.84,4.56,1.23,1
2013-04-02,52.35,53.43,51.82,52.05,305400,-0.3,1.61,-0.58,3.09,0.8,-1
2013-04-01,52.96,53.14,51.86,52.33,222300,-0.63,1.28,-1.2,2.45,0.64,-1
2013-03-28,55.49,55.61,51.89,53.1,291700,-2.39,3.72,-4.5,7.01,1.86,-1
2013-03-27,55.45,55.96,54.97,55.71,89300,0.26,0.99,0.47,1.78,0.5,-1
2013-03-26,55.5,55.95,54.47,55.83,102900,0.33,1.48,0.59,2.65,0.74,1
2013-03-25,56.11,56.66,55.26,55.33,101600,-0.78,1.4,-1.41,2.53,0.7,-1
2013-03-22,56.18,56.48,55.68,55.99,52100,-0.19,0.8,-0.34,1.43,0.4,1
2013-03-21,55.93,56.4,55.75,55.82,58300,-0.11,0.65,-0.2,1.16,0.32,-1
2013-03-20,55.71,56.54,55.52,56.38,80000,0.67,1.02,1.19,1.81,0.51,1
2013-03-19,55.47,55.54,54.73,55.33,95200,-0.14,0.81,-0.25,1.46,0.41,1
2013-03-18,55.25,55.37,54.99,55.31,139000,0.06,0.38,0.11,0.69,0.19,-1
2013-03-15,55.25,56.0,55.18,55.8,159600,0.55,0.82,0.99,1.47,0.41,1
2013-03-14,54.38,55.38,54.38,55.19,177300,0.81,1.0,1.47,1.81,0.5,1
2013-03-13,53.35,54.44,52.97,54.36,135500,1.01,1.47,1.86,2.7,0.73,1
2013-03-12,53.1,53.33,52.72,53.32,109300,0.22,0.61,0.41,1.14,0.3,1
2013-03-11,52.64,53.38,52.26,53.09,144500,0.45,1.12,0.85,2.11,0.56,1
2013-03-08,52.6,52.92,52.03,52.91,95900,0.31,0.89,0.59,1.68,0.45,1
2013-03-07,52.08,52.27,51.83,52.17,124600,0.09,0.44,0.17,0.84,0.22,1
2013-03-06,50.69,52.33,50.49,52.16,489200,1.47,1.84,2.82,3.53,0.92,1
2013-03-05,50.59,50.77,50.15,50.41,146500,-0.18,0.62,-0.36,1.23,0.31,1
2013-03-04,48.82,49.71,48.71,49.66,134100,0.84,1.0,1.69,2.01,0.5,1
2013-03-01,48.27,48.87,47.9,48.81,102900,0.54,0.97,1.11,1.99,0.48,1
2013-02-28,48.3,49.05,48.3,48.61,131400,0.31,0.75,0.64,1.54,0.38,1
2013-02-27,47.5,48.86,47.36,48.46,153200,0.96,1.5,1.98,3.1,0.75,1
2013-02-26,47.13,47.67,46.94,47.54,148100,0.41,0.73,0.86,1.54,0.37,1
2013-02-25,44.57,47.4,44.57,47.01,281000,2.44,2.83,5.19,6.02,1.41,1
2013-02-22,44.99,44.99,42.19,44.36,369400,-0.63,2.8,-1.42,6.31,1.4,-1
2013-02-21,45.99,45.99,44.46,44.84,108100,-1.15,1.53,-2.56,3.41,0.77,-1
2013-02-20,47.42,47.42,45.99,46.08,137700,-1.34,1.43,-2.91,3.1,0.71,-1
2013-02-19,47.63,47.75,46.94,47.4,155000,-0.23,0.81,-0.49,1.71,0.41,-1
2013-02-15,47.75,47.92,47.24,47.47,186800,-0.28,0.68,-0.59,1.43,0.34,-1
2013-02-14,47.36,47.68,46.94,47.53,177300,0.17,0.74,0.36,1.56,0.37,-1
2013-02-13,47.87,48.12,47.22,47.62,220900,-0.25,0.9,-0.52,1.89,0.45,-1
2013-02-12,47.72,48.02,47.56,47.8,150100,0.08,0.46,0.17,0.96,0.23,1
2013-02-11,48.15,48.15,47.11,47.6,109400,-0.55,1.04,-1.16,2.18,0.52,-1
2013-02-08,48.46,48.46,47.9,48.11,39000,-0.35,0.56,-0.73,1.16,0.28,-1
2013-02-07,48.42,48.73,47.41,48.3,100900,-0.12,1.32,-0.25,2.73,0.66,-1
2013-02-06,48.3,49.16,48.24,48.67,66900,0.37,0.92,0.76,1.89,0.46,1
2013-02-05,48.48,48.76,47.76,48.5,92400,0.02,1.0,0.04,2.06,0.5,1
2013-02-04,49.32,49.57,47.99,48.28,97200,-1.04,1.58,-2.15,3.27,0.79,-1
2013-02-01,49.78,50.05,49.56,49.61,58000,-0.17,0.49,-0.34,0.99,0.24,1
2013-01-31,49.47,49.8,48.98,49.38,90000,-0.09,0.82,-0.18,1.66,0.41,-1
2013-01-30,50.2,50.2,49.26,49.54,95300,-0.66,0.94,-1.33,1.9,0.47,-1
2013-01-29,50.83,51.28,49.94,50.3,85600,-0.53,1.34,-1.05,2.66,0.67,-1
2013-01-28,51.09,51.2,50.3,51.03,179400,-0.06,0.9,-0.12,1.76,0.45,-1
2013-01-25,50.19,51.47,49.78,51.47,72400,1.28,1.69,2.49,3.28,0.84,1
2013-01-24,50.11,50.64,49.45,49.95,110000,-0.16,1.19,-0.32,2.38,0.59,-1
2013-01-23,50.25,50.4,49.98,50.14,143100,-0.11,0.42,-0.22,0.84,0.21,-1
2013-01-22,49.1,50.5,49.05,50.46,115400,1.36,1.45,2.7,2.87,0.73,1
2013-01-18,48.67,49.13,47.75,49.02,116400,0.35,1.38,0.71,2.82,0.69,1
2013-01-17,49.23,49.23,48.28,48.76,79900,-0.47,0.95,-0.96,1.95,0.47,-1
2013-01-16,49.51,50.0,48.87,49.05,94600,-0.46,1.13,-0.94,2.3,0.57,-1
2013-01-15,49.42,50.27,49.3,49.69,79400,0.27,0.97,0.54,1.95,0.49,-1
2013-01-14,48.14,49.88,48.03,49.85,262200,1.71,1.85,3.43,3.71,0.93,1
2013-01-11,48.46,48.78,47.59,48.18,166000,-0.28,1.19,-0.58,2.47,0.59,-1
2013-01-10,48.5,48.95,47.7,48.3,306600,-0.2,1.25,-0.41,2.59,0.62,-1
2013-01-09,47.72,48.42,47.4,48.41,276400,0.69,1.02,1.43,2.11,0.51,1
2013-01-08,47.14,47.65,46.89,47.5,117900,0.36,0.76,0.76,1.6,0.38,1
2013-01-07,48.92,49.25,46.57,47.29,198600,-1.63,2.68,-3.45,5.67,1.34,-1
2013-01-04,48.9,49.87,48.56,49.32,206000,0.42,1.31,0.85,2.66,0.65,1
2013-01-03,45.8,49.28,45.8,48.45,210500,2.65,3.48,5.47,7.18,1.74,1
2013-01-02,47.6,47.6,44.77,45.44,229200,-2.16,2.83,-4.75,6.23,1.41,-1
2012-12-31,45.32,46.48,45.17,46.36,105000,1.04,1.31,2.24,2.83,0.65,1
2012-12-28,45.94,46.19,45.03,45.4,161900,-0.54,1.16,-1.19,2.56,0.58,-1
2012-12-27,43.79,46.5,43.79,46.37,242100,2.58,2.71,5.56,5.84,1.36,1
2012-12-26,46.05,46.05,43.69,43.8,189400,-2.25,2.36,-5.14,5.39,1.18,-1
2012-12-24,46.33,46.49,45.72,45.85,40500,-0.48,0.77,-1.05,1.68,0.39,-1
2012-12-21,45.92,46.91,45.92,46.43,219500,0.51,0.99,1.1,2.13,0.49,-1
2012-12-20,47.29,47.29,45.83,46.46,93800,-0.83,1.46,-1.79,3.14,0.73,-1
2012-12-19,47.89,48.32,47.34,47.38,69100,-0.51,0.98,-1.08,2.07,0.49,-1
2012-12-18,45.85,47.98,45.85,47.91,127200,2.06,2.13,4.3,4.45,1.06,1
2012-12-17,45.82,46.47,45.49,45.85,156600,0.03,0.98,0.07,2.14,0.49,-1
2012-12-14,45.68,46.35,45.57,45.97,97900,0.29,0.78,0.63,1.7,0.39,1
2012-12-13,47.09,47.09,45.62,45.93,85800,-1.16,1.47,-2.53,3.2,0.74,-1
2012-12-12,47.8,48.12,46.69,46.99,134600,-0.81,1.43,-1.72,3.04,0.71,-1
2012-12-11,48.3,48.51,47.33,47.62,181300,-0.68,1.18,-1.43,2.48,0.59,-1
2012-12-10,47.79,48.3,47.46,48.11,165300,0.32,0.84,0.67,1.75,0.42,1
2012-12-07,48.02,48.16,47.5,47.62,221900,-0.4,0.66,-0.84,1.39,0.33,-1
2012-12-06,47.02,48.35,47.02,47.92,299900,0.9,1.33,1.88,2.78,0.66,-1
2012-12-05,46.75,48.67,44.23,48.53,836900,1.78,4.44,3.67,9.15,2.22,-1
2012-12-04,55.41,55.57,51.82,52.78,250000,-2.63,3.75,-4.98,7.1,1.88,-1
2012-12-03,55.19,55.45,54.78,55.42,75900,0.23,0.67,0.42,1.21,0.34,1
2012-11-30,56.68,56.68,54.4,54.64,90500,-2.04,2.28,-3.73,4.17,1.14,-1
2012-11-29,55.41,56.98,55.21,56.47,97300,1.06,1.77,1.88,3.13,0.88,1
2012-11-28,53.37,54.95,53.37,54.95,47800,1.58,1.58,2.88,2.88,0.79,1
2012-11-27,53.33,54.16,53.08,53.7,64600,0.37,1.08,0.69,2.01,0.54,1
2012-11-26,53.8,54.47,53.23,53.25,114300,-0.55,1.24,-1.03,2.33,0.62,-1
2012-11-23,53.46,54.08,53.28,53.96,22100,0.5,0.8,0.93,1.48,0.4,1
2012-11-21,53.58,53.92,52.65,53.14,44100,-0.44,1.27,-0.83,2.39,0.64,-1
2012-11-20,52.99,53.57,52.8,53.54,49900,0.55,0.77,1.03,1.44,0.39,1
2012-11-19,52.56,53.39,52.45,53.29,41300,0.73,0.94,1.37,1.76,0.47,1
2012-11-16,50.59,52.09,49.59,51.83,132400,1.24,2.5,2.39,4.82,1.25,1
2012-11-15,51.33,51.81,50.1,50.76,51300,-0.57,1.71,-1.12,3.37,0.86,-1
2012-11-14,53.45,54.12,51.02,51.27,92900,-2.18,3.1,-4.25,6.05,1.55,-1
2012-11-13,52.88,53.83,52.54,53.21,64400,0.33,1.29,0.62,2.42,0.64,1
2012-11-12,53.18,54.01,52.68,53.11,52100,-0.07,1.33,-0.13,2.5,0.66,1
2012-11-09,52.1,53.69,51.25,53.05,111500,0.95,2.44,1.79,4.6,1.22,-1
2012-11-08,56.02,56.15,53.08,53.14,174700,-2.88,3.07,-5.42,5.78,1.54,-1
2012-11-07,56.5,56.89,55.99,56.22,144500,-0.28,0.9,-0.5,1.6,0.45,-1
2012-11-06,57.45,57.72,56.6,56.98,37700,-0.47,1.12,-0.82,1.97,0.56,-1
2012-11-05,56.6,57.66,56.55,57.37,57300,0.77,1.11,1.34,1.93,0.55,1
2012-11-02,57.45,57.97,56.48,56.6,80900,-0.85,1.49,-1.5,2.63,0.75,-1
2012-11-01,55.46,57.7,55.46,57.26,104700,1.8,2.24,3.14,3.91,1.12,1
2012-10-31,54.46,55.75,54.22,55.48,57400,1.02,1.53,1.84,2.76,0.77,1
2012-10-26,54.48,54.89,52.91,53.9,84100,-0.58,1.98,-1.08,3.67,0.99,-1
2012-10-25,54.88,55.0,54.15,54.56,103400,-0.32,0.85,-0.59,1.56,0.43,1
2012-10-24,55.04,55.39,54.06,54.42,69700,-0.62,1.33,-1.14,2.44,0.66,-1
2012-10-23,54.77,55.14,54.4,54.87,161600,0.1,0.74,0.18,1.35,0.37,-1
2012-10-22,54.85,55.59,54.66,55.35,128100,0.5,0.93,0.9,1.68,0.47,1
2012-10-19,54.29,55.1,54.0,54.85,200400,0.56,1.1,1.02,2.01,0.55,1
2012-10-18,54.66,54.83,53.7,54.73,149700,0.07,1.13,0.13,2.06,0.56,-1
2012-10-17,55.23,55.88,54.01,54.8,130300,-0.43,1.87,-0.78,3.41,0.94,-1
2012-10-16,55.18,55.39,54.71,55.2,110500,0.02,0.68,0.04,1.23,0.34,1
2012-10-15,54.33,55.07,54.15,54.86,146100,0.53,0.92,0.97,1.68,0.46,1
2012-10-12,54.36,54.57,54.04,54.2,128200,-0.16,0.53,-0.3,0.98,0.27,-1
2012-10-11,55.17,55.4,54.17,54.49,111700,-0.68,1.23,-1.25,2.26,0.61,-1
2012-10-10,55.23,55.24,54.27,54.63,127300,-0.6,0.97,-1.1,1.78,0.48,-1
2012-10-09,56.05,56.26,54.79,55.11,65000,-0.94,1.47,-1.71,2.67,0.73,-1
2012-10-08,56.46,56.58,55.67,55.94,61400,-0.52,0.91,-0.93,1.63,0.45,-1
2012-10-05,57.54,58.65,56.4,56.64,89800,-0.9,2.25,-1.59,3.97,1.12,-1
2012-10-04,55.66,57.28,55.5,57.26,125900,1.6,1.78,2.79,3.11,0.89,1
2012-10-03,55.61,55.87,54.8,55.31,121600,-0.3,1.07,-0.54,1.93,0.54,-1
2012-10-02,56.32,56.32,54.9,55.32,117300,-1.0,1.42,-1.81,2.57,0.71,-1
2012-10-01,57.22,58.0,55.21,55.98,146600,-1.24,2.79,-2.22,4.98,1.39,-1
2012-09-28,56.1,56.78,55.3,56.45,115600,0.35,1.48,0.62,2.62,0.74,-1
2012-09-27,56.84,56.98,56.01,56.52,135800,-0.32,0.97,-0.57,1.72,0.48,1
2012-09-26,56.32,56.71,55.88,56.46,75800,0.14,0.83,0.25,1.47,0.41,1
2012-09-25,59.1,59.15,55.99,56.07,178500,-3.03,3.16,-5.4,5.64,1.58,-1
2012-09-24,58.16,58.87,57.53,58.83,189700,0.67,1.34,1.14,2.28,0.67,1
2012-09-21,57.71,59.36,57.45,58.6,269400,0.89,1.91,1.52,3.26,0.95,1
2012-09-20,57.18,57.43,56.26,57.08,138600,-0.1,1.17,-0.18,2.05,0.59,-1
2012-09-19,58.4,59.31,57.74,57.84,231500,-0.56,1.57,-0.97,2.71,0.79,-1
2012-09-18,57.32,58.32,57.32,58.32,302200,1.0,1.0,1.71,1.71,0.5,1
2012-09-17,56.68,57.47,56.35,57.47,127100,0.79,1.12,1.37,1.95,0.56,1
2012-09-14,56.14,57.16,56.08,56.82,133400,0.68,1.08,1.2,1.9,0.54,1
2012-09-13,56.49,56.89,55.35,55.86,145600,-0.63,1.54,-1.13,2.76,0.77,-1
2012-09-12,55.65,56.35,55.3,56.2,90000,0.55,1.05,0.98,1.87,0.53,1
2012-09-11,55.48,55.95,55.17,55.28,85000,-0.2,0.78,-0.36,1.41,0.39,-1
2012-09-10,55.6,56.13,55.02,55.66,130000,0.06,1.11,0.11,1.99,0.55,1
2012-09-07,55.43,56.0,55.11,55.64,105600,0.21,0.89,0.38,1.6,0.45,1
2012-09-06,55.41,55.85,55.15,55.48,201500,0.07,0.7,0.13,1.26,0.35,1
2012-09-05,54.9,55.28,54.64,55.04,186500,0.14,0.64,0.25,1.16,0.32,1
2012-09-04,54.52,54.87,53.15,54.63,180400,0.11,1.72,0.2,3.15,0.86,1
2012-08-31,54.23,54.7,52.95,54.53,155700,0.3,1.75,0.55,3.21,0.88,1
2012-08-30,49.6,54.89,48.26,53.85,826400,4.25,6.63,7.89,12.31,3.32,1
2012-08-29,51.58,52.78,51.16,52.67,384900,1.09,1.62,2.07,3.08,0.81,1
2012-08-28,50.2,51.39,49.99,51.33,158900,1.13,1.4,2.2,2.73,0.7,1
2012-08-27,50.2,50.56,49.86,50.11,68700,-0.09,0.7,-0.18,1.4,0.35,1
2012-08-24,49.36,50.19,49.0,49.92,78700,0.56,1.19,1.12,2.38,0.59,1
2012-08-23,49.27,49.87,48.98,49.44,78400,0.17,0.89,0.34,1.8,0.45,1
2012-08-22,48.81,49.52,48.34,49.41,65400,0.6,1.18,1.21,2.39,0.59,1
2012-08-21,48.37,49.3,48.34,48.76,47300,0.39,0.96,0.8,1.97,0.48,1
2012-08-20,48.94,49.19,47.95,48.24,49100,-0.7,1.24,-1.45,2.57,0.62,-1
2012-08-17,48.91,49.1,48.47,49.08,89400,0.17,0.63,0.35,1.28,0.32,1
2012-08-16,48.0,49.22,47.14,49.05,130100,1.05,2.08,2.14,4.24,1.04,1
2012-08-15,46.81,48.35,46.54,47.95,79500,1.14,1.81,2.38,3.77,0.91,1
2012-08-14,47.39,48.04,46.59,46.96,158300,-0.43,1.45,-0.92,3.09,0.72,-1
2012-08-13,47.38,47.66,46.24,47.04,42800,-0.34,1.42,-0.72,3.02,0.71,-1
2012-08-10,48.13,48.7,47.25,47.48,114300,-0.65,1.45,-1.37,3.05,0.73,-1
2012-08-09,47.25,49.04,47.25,48.26,201800,1.01,1.79,2.09,3.71,0.89,1
2012-08-08,45.98,47.47,45.9,47.24,187200,1.26,1.57,2.67,3.32,0.79,1
2012-08-07,44.04,46.78,44.01,46.34,111600,2.3,2.77,4.96,5.98,1.39,1
2012-08-06,43.05,43.86,42.76,43.49,243600,0.44,1.1,1.01,2.53,0.55,1
2012-08-03,42.2,42.82,41.85,42.8,304300,0.6,0.97,1.4,2.27,0.48,1
2012-08-02,41.87,42.47,41.09,41.3,99100,-0.57,1.38,-1.38,3.34,0.69,-1
2012-08-01,43.65,43.88,42.17,42.21,191400,-1.44,1.71,-3.41,4.05,0.86,-1
2012-07-31,43.38,43.99,43.03,43.24,193500,-0.14,0.96,-0.32,2.22,0.48,-1
2012-07-30,44.3,44.51,43.21,43.73,88200,-0.57,1.3,-1.3,2.97,0.65,-1
2012-07-27,43.39,44.77,43.21,44.24,66200,0.85,1.56,1.92,3.53,0.78,1
2012-07-26,43.25,43.85,42.65,43.07,65000,-0.18,1.2,-0.42,2.79,0.6,1
2012-07-25,42.84,42.84,41.7,42.48,139500,-0.36,1.14,-0.85,2.68,0.57,1
2012-07-24,43.35,43.66,42.19,42.47,63100,-0.88,1.47,-2.07,3.46,0.73,-1
2012-07-23,42.65,43.74,42.58,43.23,54000,0.58,1.16,1.34,2.68,0.58,-1
2012-07-20,45.21,45.44,43.73,44.12,93400,-1.09,1.71,-2.47,3.88,0.86,-1
2012-07-19,45.5,45.94,45.5,45.77,91400,0.27,0.44,0.59,0.96,0.22,1
2012-07-18,45.41,45.8,44.79,45.13,85800,-0.28,1.01,-0.62,2.24,0.5,-1
2012-07-17,45.79,46.39,44.97,45.65,61700,-0.14,1.42,-0.31,3.11,0.71,1
2012-07-16,45.52,45.75,45.0,45.39,75000,-0.13,0.75,-0.29,1.65,0.38,-1
2012-07-13,44.29,46.23,43.98,45.79,171200,1.5,2.25,3.28,4.91,1.12,1
2012-07-12,42.44,44.24,41.97,44.13,152600,1.69,2.27,3.83,5.14,1.14,1
2012-07-11,43.61,43.98,41.87,42.93,125500,-0.68,2.11,-1.58,4.91,1.05,-1
2012-07-10,44.37,45.06,43.66,43.79,80000,-0.58,1.4,-1.32,3.2,0.7,-1
2012-07-09,44.43,44.64,43.38,44.17,91400,-0.26,1.26,-0.59,2.85,0.63,-1
2012-07-06,45.0,45.08,43.83,44.3,62400,-0.7,1.25,-1.58,2.82,0.62,-1
2012-07-05,45.15,46.49,44.85,45.53,96600,0.38,1.64,0.83,3.6,0.82,1
2012-07-03,44.4,45.3,43.99,45.28,35600,0.88,1.31,1.94,2.89,0.65,1
2012-07-02,44.84,44.93,43.76,44.22,101900,-0.62,1.17,-1.4,2.65,0.59,-1
2012-06-29,43.84,44.73,42.82,44.7,126900,0.86,1.91,1.92,4.27,0.95,1
2012-06-28,43.54,44.08,41.45,42.73,102100,-0.81,2.63,-1.9,6.15,1.31,-1
2012-06-27,43.74,44.26,43.49,44.07,99200,0.33,0.77,0.75,1.75,0.38,1
2012-06-26,44.51,44.81,42.99,43.57,146500,-0.94,1.82,-2.16,4.18,0.91,-1
2012-06-25,44.96,45.04,44.2,44.3,108400,-0.66,0.84,-1.49,1.9,0.42,-1
2012-06-22,46.02,47.26,45.74,45.78,269100,-0.24,1.52,-0.52,3.32,0.76,1
2012-06-21,47.48,47.5,45.35,45.69,103800,-1.79,2.15,-3.92,4.71,1.07,-1
2012-06-20,47.13,47.63,46.63,47.63,201200,0.5,1.0,1.05,2.1,0.5,1
2012-06-19,46.7,48.07,46.7,47.03,138100,0.33,1.37,0.7,2.91,0.68,1
2012-06-18,46.0,46.71,45.64,46.44,78800,0.44,1.07,0.95,2.3,0.54,-1
2012-06-15,45.56,46.65,44.96,46.48,91700,0.92,1.69,1.98,3.64,0.84,1
2012-06-14,45.19,46.55,44.99,45.32,163400,0.13,1.56,0.29,3.44,0.78,1
2012-06-13,46.44,47.02,44.55,45.01,195300,-1.43,2.47,-3.18,5.49,1.24,-1
2012-06-12,45.74,46.64,45.06,46.43,117700,0.69,1.58,1.49,3.4,0.79,1
2012-06-11,47.57,47.75,45.32,45.4,140300,-2.17,2.43,-4.78,5.35,1.21,-1
2012-06-08,45.98,47.62,45.48,46.89,101700,0.91,2.14,1.94,4.56,1.07,1
2012-06-07,48.07,48.4,45.79,46.26,358300,-1.81,2.61,-3.91,5.64,1.3,-1
2012-06-06,47.76,50.44,46.11,47.22,493600,-0.54,4.33,-1.14,9.17,2.16,1
2012-06-05,43.71,44.05,42.32,43.84,348700,0.13,1.73,0.3,3.95,0.86,1
2012-06-04,43.81,44.2,42.93,43.71,203500,-0.1,1.27,-0.23,2.91,0.64,-1
2012-06-01,45.31,45.31,43.27,43.77,243600,-1.54,2.04,-3.52,4.66,1.02,-1
2012-05-31,44.79,46.12,44.71,46.05,250500,1.26,1.41,2.74,3.06,0.7,1
2012-05-30,44.41,44.91,44.05,44.69,142800,0.28,0.86,0.63,1.92,0.43,-1
2012-05-29,44.26,45.26,44.26,44.93,119000,0.67,1.0,1.49,2.23,0.5,1
2012-05-25,42.8,44.0,42.7,43.87,156700,1.07,1.3,2.44,2.96,0.65,1
2012-05-24,40.86,43.14,40.86,42.66,168000,1.8,2.28,4.22,5.34,1.14,1
2012-05-23,39.97,40.58,39.12,40.31,147000,0.34,1.46,0.84,3.62,0.73,-1
2012-05-22,40.94,41.53,40.07,40.37,117000,-0.57,1.46,-1.41,3.62,0.73,-1
2012-05-21,39.82,40.77,39.4,40.72,139300,0.9,1.37,2.21,3.36,0.69,1
2012-05-18,40.47,40.87,39.55,39.84,131200,-0.63,1.32,-1.58,3.31,0.66,-1
2012-05-17,42.2,42.2,40.44,40.51,91300,-1.69,1.76,-4.17,4.34,0.88,-1
2012-05-16,42.52,42.76,42.01,42.2,101800,-0.32,0.75,-0.76,1.78,0.38,-1
2012-05-15,42.75,43.57,42.29,42.32,77000,-0.43,1.28,-1.02,3.02,0.64,-1
2012-05-14,43.41,43.5,42.16,42.68,224900,-0.73,1.34,-1.71,3.14,0.67,-1
2012-05-11,43.56,44.49,43.55,43.89,94000,0.33,0.94,0.75,2.14,0.47,-1
2012-05-10,44.26,44.5,43.71,43.99,99700,-0.27,0.79,-0.61,1.8,0.39,1
2012-05-09,42.8,44.1,42.71,43.82,163000,1.02,1.39,2.33,3.17,0.7,1
2012-05-08,43.73,43.81,42.44,43.35,251300,-0.38,1.37,-0.88,3.16,0.69,-1
2012-05-07,43.96,44.5,43.74,44.2,188000,0.24,0.76,0.54,1.72,0.38,-1
2012-05-04,45.55,45.55,44.02,44.22,137400,-1.33,1.53,-3.01,3.46,0.76,-1
2012-05-03,46.88,46.88,45.28,45.9,181300,-0.98,1.6,-2.14,3.49,0.8,-1
2012-05-02,46.5,47.24,46.06,47.03,205000,0.53,1.18,1.13,2.51,0.59,1
2012-05-01,47.97,48.46,46.51,46.66,229400,-1.31,1.95,-2.81,4.18,0.98,-1
2012-04-30,49.22,49.22,47.55,47.99,83000,-1.23,1.67,-2.56,3.48,0.84,-1
2012-04-27,48.81,49.5,47.95,49.24,127500,0.43,1.55,0.87,3.15,0.77,1
2012-04-26,47.62,48.84,47.4,48.53,123100,0.91,1.44,1.88,2.97,0.72,1
2012-04-25,47.22,47.81,46.97,47.7,166100,0.48,0.84,1.01,1.76,0.42,1
2012-04-24,47.38,47.75,46.15,46.63,238900,-0.75,1.6,-1.61,3.43,0.8,-1
2012-04-23,46.94,47.66,46.33,47.5,331700,0.56,1.33,1.18,2.8,0.66,-1
2012-04-20,46.7,47.87,46.18,47.56,272700,0.86,1.69,1.81,3.55,0.84,1
2012-04-19,45.74,46.92,45.57,46.2,331500,0.46,1.35,1.0,2.92,0.68,1
2012-04-18,44.99,46.03,44.65,45.81,251900,0.82,1.38,1.79,3.01,0.69,1
2012-04-17,44.93,45.38,44.66,45.29,229800,0.36,0.72,0.79,1.59,0.36,1
2012-04-16,44.91,45.09,44.03,44.6,127800,-0.31,1.06,-0.7,2.38,0.53,-1
2012-04-13,45.38,45.69,44.51,44.85,92900,-0.53,1.18,-1.18,2.63,0.59,-1
2012-04-12,45.2,45.72,45.09,45.51,112900,0.31,0.63,0.68,1.38,0.31,1
2012-04-11,44.32,45.45,44.32,45.27,156600,0.95,1.13,2.1,2.5,0.57,1
2012-04-10,46.78,47.27,43.87,43.9,247100,-2.88,3.4,-6.56,7.74,1.7,-1
2012-04-09,47.19,47.52,46.41,46.82,199400,-0.37,1.11,-0.79,2.37,0.56,-1
2012-04-05,48.38,48.76,47.98,48.2,159700,-0.18,0.78,-0.37,1.62,0.39,-1
2012-04-04,49.04,49.1,47.76,48.51,140200,-0.53,1.34,-1.09,2.76,0.67,-1
2012-04-03,49.59,50.44,49.56,49.61,106100,0.02,0.88,0.04,1.77,0.44,-1
2012-04-02,50.61,50.8,49.2,49.67,230500,-0.94,1.6,-1.89,3.22,0.8,-1
2012-03-30,50.81,51.9,50.23,50.82,326600,0.01,1.67,0.02,3.29,0.84,1
2012-03-29,48.09,50.65,47.92,50.5,220600,2.41,2.73,4.77,5.41,1.36,1
2012-03-28,48.95,50.32,48.05,48.27,414600,-0.68,2.27,-1.41,4.7,1.14,-1
2012-03-27,50.35,50.4,49.55,49.62,270700,-0.73,0.85,-1.47,1.71,0.43,-1
2012-03-26,48.97,50.5,48.64,50.39,267600,1.42,1.86,2.82,3.69,0.93,1
2012-03-23,48.74,48.84,47.09,48.41,136700,-0.33,1.75,-0.68,3.61,0.88,-1
2012-03-22,48.11,48.83,47.3,48.72,209600,0.61,1.53,1.25,3.14,0.77,1
2012-03-21,47.04,48.54,46.93,48.29,132100,1.25,1.61,2.59,3.33,0.8,1
2012-03-20,46.48,47.45,46.22,47.09,104400,0.61,1.23,1.3,2.61,0.62,1
2012-03-19,46.06,47.64,46.0,46.86,184900,0.8,1.64,1.71,3.5,0.82,1
2012-03-16,47.81,48.28,45.99,46.06,268900,-1.75,2.29,-3.8,4.97,1.14,-1
2012-03-15,49.03,49.41,47.88,47.89,133000,-1.14,1.53,-2.38,3.19,0.76,-1
2012-03-14,50.63,50.77,48.81,49.15,114100,-1.48,1.96,-3.01,3.99,0.98,-1
2012-03-13,48.99,50.9,48.44,50.73,324300,1.74,2.46,3.43,4.85,1.23,1
2012-03-12,48.92,49.49,48.22,48.51,174900,-0.41,1.27,-0.85,2.62,0.64,-1
2012-03-09,47.32,49.12,47.27,48.89,248500,1.57,1.85,3.21,3.78,0.92,1
2012-03-08,47.58,47.76,47.09,47.21,160500,-0.37,0.67,-0.78,1.42,0.33,-1
2012-03-07,47.75,48.13,47.2,47.37,104900,-0.38,0.93,-0.8,1.96,0.46,-1
2012-03-06,47.63,47.88,46.4,47.55,136500,-0.08,1.48,-0.17,3.11,0.74,-1
2012-03-05,49.37,49.52,47.72,48.22,387500,-1.15,1.8,-2.38,3.73,0.9,-1
2012-03-02,51.02,51.93,49.21,49.34,155600,-1.68,2.72,-3.4,5.51,1.36,-1
2012-03-01,50.64,51.35,50.25,51.2,153000,0.56,1.1,1.09,2.15,0.55,1
2012-02-29,50.76,51.07,49.52,50.4,122200,-0.36,1.55,-0.71,3.08,0.77,-1
2012-02-28,51.0,51.53,50.25,50.63,190300,-0.37,1.28,-0.73,2.53,0.64,-1
2012-02-27,50.24,51.82,49.71,50.96,171200,0.72,2.11,1.41,4.14,1.05,1
2012-02-24,51.8,51.8,50.15,50.8,202400,-1.0,1.65,-1.97,3.25,0.82,-1
2012-02-23,51.4,52.47,51.39,51.87,59700,0.47,1.08,0.91,2.08,0.54,1
2012-02-22,51.25,52.12,50.8,51.35,76900,0.1,1.32,0.19,2.57,0.66,1
2012-02-21,52.3,52.46,50.85,51.29,86700,-1.01,1.61,-1.97,3.14,0.8,-1
2012-02-17,52.41,52.64,51.51,52.17,113600,-0.24,1.13,-0.46,2.17,0.57,1
2012-02-16,51.05,52.37,50.96,52.0,108900,0.95,1.41,1.83,2.71,0.7,1
2012-02-15,51.8,52.39,50.78,50.92,91700,-0.88,1.61,-1.73,3.16,0.8,-1
2012-02-14,51.24,51.8,50.1,51.72,85600,0.48,1.7,0.93,3.29,0.85,1
2012-02-13,51.17,52.04,51.17,51.63,84400,0.46,0.87,0.89,1.69,0.43,1
2012-02-10,50.86,51.8,50.64,50.76,72800,-0.1,1.16,-0.2,2.29,0.58,-1
2012-02-09,51.59,52.2,51.03,51.52,71700,-0.07,1.17,-0.14,2.27,0.59,-1
2012-02-08,50.63,51.87,50.61,51.56,74400,0.93,1.26,1.8,2.44,0.63,1
2012-02-07,49.75,50.37,49.48,50.33,197300,0.58,0.89,1.15,1.77,0.45,1
2012-02-06,51.0,51.41,49.48,49.75,130300,-1.25,1.93,-2.51,3.88,0.96,-1
2012-02-03,50.33,51.27,50.17,51.2,207600,0.87,1.1,1.7,2.15,0.55,1
2012-02-02,51.39,51.39,49.45,49.67,166400,-1.72,1.94,-3.46,3.91,0.97,-1
2012-02-01,51.4,51.5,50.87,51.16,155200,-0.24,0.63,-0.47,1.23,0.32,1
2012-01-31,50.23,51.77,49.88,50.93,241800,0.7,1.89,1.37,3.71,0.95,1
2012-01-30,48.77,50.05,48.16,49.87,102600,1.1,1.89,2.21,3.79,0.95,1
2012-01-27,49.4,49.55,48.62,49.24,79500,-0.16,0.93,-0.32,1.89,0.46,-1
2012-01-26,48.62,49.68,48.38,49.68,120900,1.06,1.3,2.13,2.62,0.65,1
2012-01-25,48.83,49.02,47.33,48.31,180800,-0.52,1.69,-1.08,3.5,0.85,-1
2012-01-24,48.58,49.26,48.45,49.01,133500,0.43,0.81,0.88,1.65,0.4,1
2012-01-23,49.12,49.12,48.44,48.7,184300,-0.42,0.68,-0.86,1.4,0.34,-1
2012-01-20,48.75,49.53,48.6,49.0,129800,0.25,0.93,0.51,1.9,0.46,1
2012-01-19,49.05,49.05,48.24,48.73,109800,-0.32,0.81,-0.66,1.66,0.4,-1
2012-01-18,48.08,48.93,47.4,48.85,109400,0.77,1.53,1.58,3.13,0.77,1
2012-01-17,47.55,48.48,47.4,48.05,170300,0.5,1.08,1.04,2.25,0.54,1
2012-01-13,46.08,47.74,46.08,47.34,200600,1.26,1.66,2.66,3.51,0.83,1
2012-01-12,45.75,46.96,44.67,46.27,138800,0.52,2.29,1.12,4.95,1.14,1
2012-01-11,44.68,45.98,43.99,45.78,93600,1.1,1.99,2.4,4.35,0.99,1
2012-01-10,44.27,44.96,43.7,44.88,127700,0.61,1.26,1.36,2.81,0.63,1
2012-01-09,43.36,44.63,43.04,43.9,122700,0.54,1.59,1.23,3.62,0.8,1
2012-01-06,44.11,44.47,43.06,43.14,136900,-0.97,1.41,-2.25,3.27,0.7,-1
2012-01-05,44.09,44.44,42.61,44.2,129300,0.11,1.83,0.25,4.14,0.91,-1
2012-01-04,43.3,44.79,43.3,44.51,162500,1.21,1.49,2.72,3.35,0.75,1
2012-01-03,46.07,46.15,43.18,43.39,248300,-2.68,2.97,-6.18,6.84,1.48,-1
2011-12-30,45.48,45.94,45.1,45.12,112000,-0.36,0.84,-0.8,1.86,0.42,-1
2011-12-29,45.13,45.86,44.62,45.56,78700,0.43,1.24,0.94,2.72,0.62,1
2011-12-28,45.71,45.85,44.73,44.9,97000,-0.81,1.12,-1.8,2.49,0.56,-1
2011-12-27,44.7,46.66,44.38,45.71,139400,1.01,2.28,2.21,4.99,1.14,1
2011-12-23,43.09,44.87,42.78,44.82,82000,1.73,2.09,3.86,4.66,1.04,1
2011-12-22,43.99,44.04,42.82,43.08,107900,-0.91,1.22,-2.11,2.83,0.61,-1
2011-12-21,43.45,44.07,42.6,44.07,138700,0.62,1.47,1.41,3.34,0.73,1
2011-12-20,42.72,43.68,42.46,43.44,152100,0.72,1.22,1.66,2.81,0.61,1
2011-12-19,42.32,42.75,41.7,42.04,165900,-0.28,1.05,-0.67,2.5,0.52,-1
2011-12-16,41.52,42.23,41.17,42.09,250600,0.57,1.06,1.35,2.52,0.53,1
2011-12-15,41.45,41.82,40.78,41.11,152500,-0.34,1.04,-0.83,2.53,0.52,1
2011-12-14,41.29,41.53,40.2,41.03,235500,-0.26,1.33,-0.63,3.24,0.66,-1
2011-12-13,42.99,43.33,41.22,41.58,190300,-1.41,2.11,-3.39,5.07,1.05,-1
2011-12-12,41.76,42.74,41.21,42.67,168200,0.91,1.53,2.13,3.59,0.77,1
2011-12-09,40.74,42.88,40.59,42.48,215900,1.74,2.29,4.1,5.39,1.14,1
2011-12-08,39.0,41.69,38.98,40.78,368800,1.78,2.71,4.36,6.65,1.36,1
2011-12-07,38.01,40.78,38.01,39.31,579300,1.3,2.77,3.31,7.05,1.39,-1
2011-12-06,38.71,40.83,36.68,40.42,498300,1.71,4.15,4.23,10.27,2.07,1
2011-12-05,37.73,38.26,37.71,38.09,193400,0.36,0.55,0.95,1.44,0.27,1
2011-12-02,37.29,37.52,36.36,37.06,391000,-0.23,1.16,-0.62,3.13,0.58,1
2011-12-01,37.67,38.16,36.65,36.73,113800,-0.94,1.51,-2.56,4.11,0.75,-1
2011-11-30,37.84,38.2,37.44,37.93,163700,0.09,0.76,0.24,2.0,0.38,1
2011-11-29,35.96,36.26,35.17,36.15,157800,0.19,1.09,0.53,3.02,0.54,1
2011-11-28,34.95,36.09,34.93,36.01,207000,1.06,1.16,2.94,3.22,0.58,1
2011-11-25,34.02,34.44,33.61,33.61,87900,-0.41,0.83,-1.22,2.47,0.41,-1
2011-11-23,35.4,35.4,34.08,34.15,100200,-1.25,1.32,-3.66,3.87,0.66,-1
2011-11-22,35.68,36.38,35.42,35.9,82800,0.22,0.96,0.61,2.67,0.48,1
2011-11-21,36.16,36.57,35.52,35.85,127400,-0.31,1.05,-0.86,2.93,0.52,-1
2011-11-18,37.28,37.86,36.63,36.98,148600,-0.3,1.23,-0.81,3.33,0.61,-1
2011-11-17,39.1,39.42,36.93,37.23,257400,-1.87,2.49,-5.02,6.69,1.25,-1
2011-11-16,40.38,40.62,39.19,39.21,285800,-1.17,1.43,-2.98,3.65,0.71,-1
2011-11-15,40.36,41.12,39.85,40.81,110400,0.45,1.27,1.1,3.11,0.63,1
2011-11-14,40.62,41.37,40.2,40.5,89600,-0.12,1.17,-0.3,2.89,0.58,-1
2011-11-11,40.56,41.67,40.56,40.98,123800,0.42,1.11,1.02,2.71,0.55,1
2011-11-10,39.65,40.3,39.11,39.88,196700,0.23,1.19,0.58,2.98,0.59,1
2011-11-09,39.24,39.98,38.89,38.96,133000,-0.28,1.09,-0.72,2.8,0.54,-1
2011-11-08,39.95,40.78,39.59,40.7,199400,0.75,1.19,1.84,2.92,0.59,1
2011-11-07,39.89,39.95,38.92,39.69,111300,-0.2,1.03,-0.5,2.6,0.52,-1
2011-11-04,39.67,40.08,39.45,39.84,85900,0.17,0.63,0.43,1.58,0.31,-1
2011-11-03,40.07,40.21,39.46,40.12,275500,0.05,0.75,0.12,1.87,0.38,1
2011-11-02,39.74,40.08,38.98,39.59,111000,-0.15,1.1,-0.38,2.78,0.55,1
2011-11-01,38.06,39.9,37.51,38.95,165700,0.89,2.39,2.28,6.14,1.2,-1
2011-10-31,38.99,40.07,38.75,39.5,140300,0.51,1.32,1.29,3.34,0.66,-1
2011-10-28,39.7,40.07,39.05,39.7,128800,0.0,1.02,0.0,2.57,0.51,-1
2011-10-27,38.33,39.87,37.6,39.79,184300,1.46,2.27,3.67,5.7,1.13,1
2011-10-26,37.65,37.65,35.67,37.03,124200,-0.62,1.98,-1.67,5.35,0.99,1
2011-10-25,37.45,37.45,36.58,36.95,167800,-0.5,0.87,-1.35,2.35,0.44,-1
2011-10-24,37.36,38.46,37.14,37.91,109000,0.55,1.32,1.45,3.48,0.66,1
2011-10-21,37.51,37.83,36.81,37.08,114900,-0.43,1.02,-1.16,2.75,0.51,1
2011-10-20,35.93,36.86,35.37,36.79,131600,0.86,1.49,2.34,4.05,0.75,1
2011-10-19,37.06,37.76,35.68,35.9,110500,-1.16,2.08,-3.23,5.79,1.04,-1
2011-10-18,37.55,37.58,35.83,37.33,191100,-0.22,1.75,-0.59,4.69,0.88,-1
2011-10-17,37.62,37.89,37.05,37.55,198200,-0.07,0.84,-0.19,2.24,0.42,-1
2011-10-14,37.84,38.32,37.49,37.98,98300,0.14,0.83,0.37,2.19,0.41,1
2011-10-13,37.02,37.46,36.38,37.39,120000,0.37,1.08,0.99,2.89,0.54,1
2011-10-12,36.8,37.95,36.17,37.17,128700,0.37,1.78,1.0,4.79,0.89,1
2011-10-11,37.26,38.17,36.09,36.63,210700,-0.63,2.08,-1.72,5.68,1.04,-1
2011-10-10,36.78,37.49,36.22,37.41,200000,0.63,1.27,1.68,3.39,0.64,1
2011-10-07,37.17,37.54,35.77,35.97,182100,-1.2,1.77,-3.34,4.92,0.88,-1
2011-10-06,35.97,37.09,35.33,36.99,109000,1.02,1.76,2.76,4.76,0.88,1
2011-10-05,35.02,36.23,34.46,36.13,249900,1.11,1.77,3.07,4.9,0.88,1
2011-10-04,32.27,34.9,32.09,34.8,172400,2.53,2.81,7.27,8.07,1.4,1
2011-10-03,33.89,35.32,32.69,32.7,286200,-1.19,2.63,-3.64,8.04,1.32,-1
2011-09-30,36.07,36.47,34.25,34.3,180500,-1.77,2.22,-5.16,6.47,1.11,-1
2011-09-29,37.57,37.87,34.5,36.72,297800,-0.85,3.37,-2.31,9.18,1.68,1
2011-09-28,38.35,38.66,36.39,36.68,280900,-1.67,2.27,-4.55,6.19,1.13,-1
2011-09-27,38.81,39.64,37.81,38.26,261800,-0.55,1.83,-1.44,4.78,0.91,1
2011-09-26,38.13,38.85,36.58,38.12,156700,-0.01,2.27,-0.03,5.95,1.14,1
2011-09-23,37.34,38.6,37.09,37.98,309200,0.64,1.51,1.69,3.98,0.75,1
2011-09-22,36.74,37.71,36.31,37.4,253200,0.66,1.4,1.76,3.74,0.7,-1
2011-09-21,38.76,39.78,37.83,37.92,157700,-0.84,1.95,-2.22,5.14,0.98,-1
2011-09-20,40.35,40.62,38.56,38.68,192500,-1.67,2.06,-4.32,5.33,1.03,-1
2011-09-19,40.13,41.04,39.57,40.52,146500,0.39,1.47,0.96,3.63,0.73,-1
2011-09-16,40.58,41.2,39.45,40.96,236200,0.38,1.75,0.93,4.27,0.88,1
2011-09-15,40.45,40.56,39.02,40.33,156200,-0.12,1.54,-0.3,3.82,0.77,1
2011-09-14,39.75,40.73,38.51,40.01,279300,0.26,2.22,0.65,5.55,1.11,1
2011-09-13,37.14,39.63,36.67,39.55,495100,2.41,2.96,6.09,7.48,1.48,1
2011-09-12,35.59,37.05,34.84,37.02,263500,1.43,2.21,3.86,5.97,1.1,1
2011-09-09,37.69,38.07,35.24,36.16,219200,-1.53,2.83,-4.23,7.83,1.41,-1
2011-09-08,37.13,38.74,36.8,38.14,222900,1.01,1.94,2.65,5.09,0.97,1
2011-09-07,37.11,37.62,36.31,37.46,160500,0.35,1.31,0.93,3.5,0.65,1
2011-09-06,35.64,36.48,35.02,36.28,284500,0.64,1.46,1.76,4.02,0.73,-1
2011-09-02,37.41,37.56,35.53,37.26,344400,-0.15,2.03,-0.4,5.45,1.02,-1
2011-09-01,35.32,39.8,35.04,38.39,1384200,3.07,4.76,8.0,12.4,2.38,1
2011-08-31,35.5,36.19,34.32,35.82,481300,0.32,1.87,0.89,5.22,0.93,1
2011-08-30,34.19,35.63,34.04,35.15,311900,0.96,1.59,2.73,4.52,0.8,1
2011-08-29,33.54,34.76,33.17,34.37,495000,0.83,1.59,2.41,4.63,0.79,1
2011-08-26,32.87,33.18,32.43,33.02,658700,0.15,0.75,0.45,2.27,0.38,1
2011-08-25,34.37,34.41,32.54,33.0,306400,-1.37,1.87,-4.15,5.67,0.93,-1
2011-08-24,34.36,35.0,33.78,34.0,281400,-0.36,1.22,-1.06,3.59,0.61,-1
2011-08-23,33.12,34.68,32.61,34.46,232300,1.34,2.07,3.89,6.01,1.04,1
2011-08-22,33.0,33.68,32.46,32.94,219500,-0.06,1.22,-0.18,3.7,0.61,1
2011-08-19,31.65,33.72,31.45,31.99,300300,0.34,2.27,1.06,7.1,1.13,-1
2011-08-18,33.23,33.52,31.69,32.01,219100,-1.22,1.83,-3.81,5.72,0.92,-1
2011-08-17,34.98,35.24,33.96,34.78,159300,-0.2,1.28,-0.58,3.68,0.64,1
2011-08-16,35.32,35.74,34.06,34.7,146300,-0.62,1.68,-1.79,4.84,0.84,-1
2011-08-15,35.43,35.9,34.72,35.86,106400,0.43,1.18,1.2,3.29,0.59,1
2011-08-12,34.1,35.31,33.45,35.21,317900,1.11,1.86,3.15,5.28,0.93,1
2011-08-11,31.62,34.46,30.2,33.26,288500,1.64,4.26,4.93,12.81,2.13,1
2011-08-10,32.77,33.29,31.06,31.39,323300,-1.38,2.23,-4.4,7.1,1.12,-1
2011-08-09,33.39,34.34,29.81,33.58,424000,0.19,4.53,0.57,13.49,2.27,1
2011-08-08,33.95,34.91,32.88,33.33,463400,-0.62,2.03,-1.86,6.09,1.01,-1
2011-08-05,35.46,35.72,33.23,35.41,262300,-0.05,2.49,-0.14,7.03,1.25,1
2011-08-04,38.17,38.65,34.8,34.96,176100,-3.21,3.85,-9.18,11.01,1.93,-1
2011-08-03,37.62,38.94,36.21,38.89,152100,1.27,2.73,3.27,7.02,1.36,1
2011-08-02,38.3,39.32,37.5,37.75,219700,-0.55,1.82,-1.46,4.82,0.91,-1
2011-08-01,39.89,39.89,37.94,38.69,142200,-1.2,1.95,-3.1,5.04,0.98,-1
2011-07-29,37.91,39.53,37.25,39.18,255000,1.27,2.28,3.24,5.82,1.14,1
2011-07-28,37.56,39.01,37.36,38.34,212800,0.78,1.65,2.03,4.3,0.82,1
2011-07-27,38.0,38.12,37.4,37.56,195200,-0.44,0.72,-1.17,1.92,0.36,-1
2011-07-26,37.71,38.44,37.45,38.1,98700,0.39,0.99,1.02,2.6,0.49,1
2011-07-25,37.19,38.0,37.07,37.62,90800,0.43,0.93,1.14,2.47,0.46,-1
2011-07-22,38.82,38.82,37.64,37.72,92200,-1.1,1.18,-2.92,3.13,0.59,-1
2011-07-21,37.38,38.86,37.38,38.78,146700,1.4,1.48,3.61,3.82,0.74,1
2011-07-20,37.96,37.96,36.3,37.06,128900,-0.9,1.66,-2.43,4.48,0.83,-1
2011-07-19,36.65,38.28,36.24,38.0,152600,1.35,2.04,3.55,5.37,1.02,1
2011-07-18,36.27,36.42,35.72,36.25,108800,-0.02,0.7,-0.06,1.93,0.35,-1
2011-07-15,36.46,36.6,35.94,36.47,115600,0.01,0.66,0.03,1.81,0.33,1
2011-07-14,36.68,37.22,36.06,36.36,219500,-0.32,1.16,-0.88,3.19,0.58,-1
2011-07-13,35.21,36.9,34.59,36.62,237400,1.41,2.31,3.85,6.31,1.15,1
2011-07-12,34.93,35.57,34.59,35.01,137700,0.08,0.98,0.23,2.8,0.49,1
2011-07-11,35.4,35.74,34.66,34.98,160800,-0.42,1.08,-1.2,3.09,0.54,-1
2011-07-08,35.65,35.99,35.32,35.86,124600,0.21,0.67,0.59,1.87,0.34,-1
2011-07-07,35.71,37.0,34.9,36.21,169000,0.5,2.1,1.38,5.8,1.05,1
2011-07-06,34.91,35.36,34.22,35.26,108500,0.35,1.14,0.99,3.23,0.57,1
2011-07-05,34.06,35.07,33.7,35.03,147500,0.97,1.37,2.77,3.91,0.68,1
2011-07-01,33.76,34.34,33.65,34.12,124300,0.36,0.69,1.06,2.02,0.35,1
2011-06-30,33.72,34.0,33.42,33.76,136600,0.04,0.58,0.12,1.72,0.29,1
2011-06-29,32.58,33.91,32.42,33.58,243800,1.0,1.49,2.98,4.44,0.74,1
2011-06-28,31.97,32.48,31.73,32.41,108000,0.44,0.75,1.36,2.31,0.37,1
2011-06-27,32.57,33.2,31.83,31.88,121600,-0.69,1.37,-2.16,4.3,0.69,-1
2011-06-24,32.5,32.76,31.99,32.69,433600,0.19,0.77,0.58,2.36,0.38,1
2011-06-23,31.73,32.55,31.23,32.49,138300,0.76,1.32,2.34,4.06,0.66,1
2011-06-22,32.88,32.96,32.06,32.16,189100,-0.72,0.9,-2.24,2.8,0.45,-1
2011-06-21,32.61,33.38,32.32,33.03,203700,0.42,1.06,1.27,3.21,0.53,1
2011-06-20,31.87,32.65,31.74,32.33,242200,0.46,0.91,1.42,2.81,0.46,1
2011-06-17,31.21,32.41,31.06,32.0,278600,0.79,1.35,2.47,4.22,0.67,1
2011-06-16,30.41,31.06,30.17,30.9,175900,0.49,0.89,1.59,2.88,0.44,1
2011-06-15,30.74,31.25,30.36,30.43,169300,-0.31,0.89,-1.02,2.92,0.45,-1
2011-06-14,30.71,31.56,30.3,31.04,298300,0.33,1.26,1.06,4.06,0.63,1
2011-06-13,30.87,31.29,30.05,30.18,302400,-0.69,1.24,-2.29,4.11,0.62,-1
2011-06-10,31.51,31.69,30.45,30.63,200600,-0.88,1.24,-2.87,4.05,0.62,-1
2011-06-09,32.57,32.82,31.45,31.73,293600,-0.84,1.37,-2.65,4.32,0.69,-1
2011-06-08,36.01,36.06,32.19,32.42,787300,-3.59,3.87,-11.07,11.94,1.94,-1
2011-06-07,36.05,36.53,34.4,34.51,415100,-1.54,2.13,-4.46,6.17,1.07,-1
2011-06-06,36.63,36.69,35.64,35.83,241100,-0.8,1.05,-2.23,2.93,0.52,-1
2011-06-03,36.22,37.03,36.22,36.7,178900,0.48,0.81,1.31,2.21,0.41,-1
2011-06-02,37.31,37.35,36.7,36.79,264800,-0.52,0.65,-1.41,1.77,0.32,-1
2011-06-01,37.92,37.92,37.05,37.28,203700,-0.64,0.87,-1.72,2.33,0.44,-1
2011-05-31,38.67,38.7,37.65,37.95,255500,-0.72,1.05,-1.9,2.77,0.53,-1
2011-05-27,38.23,38.38,37.85,38.19,101000,-0.04,0.53,-0.1,1.39,0.27,1
2011-05-26,37.65,38.2,37.56,38.0,132400,0.35,0.64,0.92,1.68,0.32,1
2011-05-25,37.52,37.91,37.19,37.65,193700,0.13,0.72,0.35,1.91,0.36,-1
2011-05-24,38.36,38.38,37.6,37.68,169900,-0.68,0.78,-1.8,2.07,0.39,-1
2011-05-23,38.16,38.96,37.96,38.17,152900,0.01,1.0,0.03,2.62,0.5,-1
2011-05-20,38.8,39.37,37.75,38.94,217300,0.14,1.62,0.36,4.16,0.81,-1
2011-05-19,38.88,39.35,38.47,39.02,80200,0.14,0.88,0.36,2.26,0.44,1
2011-05-18,38.63,38.86,38.48,38.74,117400,0.11,0.38,0.28,0.98,0.19,1
2011-05-17,39.02,39.12,38.05,38.6,187200,-0.42,1.07,-1.09,2.77,0.54,-1
2011-05-16,38.68,39.59,38.26,39.3,209700,0.62,1.33,1.58,3.38,0.67,1
2011-05-13,38.39,39.5,38.36,39.01,238400,0.62,1.14,1.59,2.92,0.57,1
2011-05-12,36.2,38.1,35.59,37.97,186000,1.77,2.51,4.66,6.61,1.25,1
2011-05-11,37.27,37.28,36.11,36.45,150500,-0.82,1.17,-2.25,3.21,0.59,-1
2011-05-10,36.53,37.55,36.19,37.36,158600,0.83,1.36,2.22,3.64,0.68,1
2011-05-09,36.01,36.41,35.39,36.21,102000,0.2,1.02,0.55,2.82,0.51,1
2011-05-06,35.9,36.66,35.43,36.18,366100,0.28,1.23,0.77,3.4,0.61,1
2011-05-05,35.14,35.9,34.21,35.72,291000,0.58,1.69,1.62,4.73,0.84,1
2011-05-04,34.51,35.76,34.19,35.69,333400,1.18,1.57,3.31,4.4,0.79,1
2011-05-03,33.25,34.61,32.9,34.54,299000,1.29,1.71,3.73,4.95,0.86,1
2011-05-02,34.46,34.46,33.06,33.32,215000,-1.14,1.4,-3.42,4.2,0.7,-1
2011-04-29,34.31,34.45,33.88,34.35,125000,0.04,0.57,0.12,1.66,0.29,1
2011-04-28,34.28,34.41,33.71,34.3,66200,0.02,0.7,0.06,2.04,0.35,-1
2011-04-27,33.79,34.4,33.56,34.33,132500,0.54,0.84,1.57,2.45,0.42,1
2011-04-26,33.48,34.0,33.29,33.65,166200,0.17,0.71,0.51,2.11,0.36,1
2011-04-25,33.16,33.5,32.78,33.42,110900,0.26,0.72,0.78,2.15,0.36,1
2011-04-21,33.74,33.88,33.0,33.32,104400,-0.42,0.88,-1.26,2.64,0.44,-1
2011-04-20,33.93,34.48,33.47,33.74,132500,-0.19,1.01,-0.56,2.99,0.5,1
2011-04-19,33.35,33.9,32.87,33.19,166800,-0.16,1.03,-0.48,3.1,0.52,1
2011-04-18,33.31,34.11,32.73,33.1,202400,-0.21,1.38,-0.63,4.17,0.69,-1
2011-04-15,33.6,34.29,33.58,33.69,176700,0.09,0.71,0.27,2.11,0.36,1
2011-04-14,31.14,33.86,31.01,33.48,316300,2.34,2.85,6.99,8.51,1.42,1
2011-04-13,31.9,32.42,30.5,31.28,132300,-0.62,1.92,-1.98,6.14,0.96,-1
2011-04-12,31.58,32.03,30.91,31.7,192900,0.12,1.12,0.38,3.53,0.56,1
2011-04-11,32.98,33.6,31.2,31.57,291500,-1.41,2.4,-4.47,7.6,1.2,-1
2011-04-08,35.06,35.06,32.82,32.96,302600,-2.1,2.24,-6.37,6.8,1.12,-1
2011-04-07,34.52,34.98,33.95,34.2,242000,-0.32,1.03,-0.94,3.01,0.51,-1
2011-04-06,35.66,35.66,34.46,34.63,246300,-1.03,1.2,-2.97,3.47,0.6,-1
2011-04-05,34.25,35.88,34.15,35.25,414300,1.0,1.73,2.84,4.91,0.87,1
2011-04-04,34.35,34.46,33.6,34.22,418600,-0.13,0.86,-0.38,2.51,0.43,1
2011-04-01,34.37,34.53,33.78,34.03,302900,-0.34,0.75,-1.0,2.2,0.38,-1
2011-03-31,33.03,34.28,32.76,34.19,491300,1.16,1.52,3.39,4.45,0.76,1
2011-03-30,28.31,33.6,28.31,33.43,1969100,5.12,5.29,15.32,15.82,2.65,1
2011-03-29,24.92,25.16,24.38,25.01,187800,0.09,0.78,0.36,3.12,0.39,1
2011-03-28,24.07,24.52,23.97,24.34,80700,0.27,0.55,1.11,2.26,0.28,1
2011-03-25,24.12,24.74,23.85,23.86,104900,-0.26,0.89,-1.09,3.73,0.44,-1
2011-03-24,23.81,24.16,23.55,23.9,68400,0.09,0.61,0.38,2.55,0.3,1
2011-03-23,23.28,23.65,22.94,23.49,49000,0.21,0.71,0.89,3.02,0.35,1
2011-03-22,23.41,23.72,23.13,23.26,64900,-0.15,0.59,-0.64,2.54,0.29,-1
2011-03-21,22.95,23.58,22.7,23.37,90700,0.42,0.88,1.8,3.77,0.44,1
2011-03-18,23.28,23.33,22.48,22.51,173200,-0.77,0.85,-3.42,3.78,0.42,-1
2011-03-17,23.47,23.47,23.04,23.06,66600,-0.41,0.43,-1.78,1.86,0.21,1
2011-03-16,23.35,23.44,22.97,23.03,101800,-0.32,0.47,-1.39,2.04,0.24,-1
2011-03-15,23.86,23.95,23.25,23.41,150300,-0.45,0.7,-1.92,2.99,0.35,-1
2011-03-14,24.71,24.94,24.03,24.2,95100,-0.51,0.91,-2.11,3.76,0.46,-1
2011-03-11,25.5,25.5,24.66,24.95,142000,-0.55,0.84,-2.2,3.37,0.42,-1
2011-03-10,24.96,25.64,24.77,25.54,133000,0.58,0.87,2.27,3.41,0.44,1
2011-03-09,25.48,25.6,25.04,25.2,118700,-0.28,0.56,-1.11,2.22,0.28,-1
2011-03-08,24.51,25.51,24.41,25.5,162800,0.99,1.1,3.88,4.31,0.55,1
2011-03-07,25.15,25.6,24.38,24.52,144700,-0.63,1.22,-2.57,4.98,0.61,-1
2011-03-04,24.8,25.09,24.69,25.03,65500,0.23,0.4,0.92,1.6,0.2,1
2011-03-03,24.3,24.83,24.3,24.8,104300,0.5,0.53,2.02,2.14,0.26,1
2011-03-02,23.74,24.25,23.55,24.14,72100,0.4,0.7,1.66,2.9,0.35,1
2011-03-01,24.33,24.5,23.5,23.71,148700,-0.62,1.0,-2.61,4.22,0.5,-1
2011-02-28,24.65,24.65,23.74,24.12,81900,-0.53,0.91,-2.2,3.77,0.46,-1
2011-02-25,23.77,24.69,23.76,24.68,74100,0.91,0.93,3.69,3.77,0.46,1
2011-02-24,23.16,23.57,22.9,23.48,97900,0.32,0.67,1.36,2.85,0.34,1
2011-02-23,23.74,23.74,22.74,23.1,103100,-0.64,1.0,-2.77,4.33,0.5,-1
2011-02-22,24.1,24.4,23.57,23.74,71700,-0.36,0.83,-1.52,3.5,0.41,-1
2011-02-18,24.57,24.57,24.08,24.4,66300,-0.17,0.49,-0.7,2.01,0.25,-1
2011-02-17,24.4,24.65,24.25,24.56,84600,0.16,0.4,0.65,1.63,0.2,1
2011-02-16,24.51,24.7,24.2,24.52,53800,0.01,0.5,0.04,2.04,0.25,1
2011-02-15,24.98,25.08,24.3,24.45,94200,-0.53,0.78,-2.17,3.19,0.39,-1
2011-02-14,25.11,25.26,24.85,24.96,71200,-0.15,0.41,-0.6,1.64,0.21,-1
2011-02-11,24.86,25.12,24.51,25.04,49900,0.18,0.61,0.72,2.44,0.3,1
2011-02-10,24.91,25.1,24.4,24.94,95600,0.03,0.7,0.12,2.81,0.35,-1
2011-02-09,24.85,25.38,24.77,25.12,56600,0.27,0.61,1.07,2.43,0.3,1
2011-02-08,24.75,25.0,24.58,24.91,54700,0.16,0.42,0.64,1.69,0.21,1
2011-02-07,24.26,24.82,24.26,24.72,57100,0.46,0.56,1.86,2.27,0.28,1
2011-02-04,23.99,24.35,23.75,24.27,66200,0.28,0.6,1.15,2.47,0.3,1
2011-02-03,23.95,24.49,23.75,24.06,88300,0.11,0.74,0.46,3.08,0.37,1
2011-02-02,24.29,24.52,23.6,24.01,74600,-0.28,0.92,-1.17,3.83,0.46,-1
2011-02-01,24.06,25.4,23.74,24.47,227400,0.41,1.66,1.68,6.78,0.83,1
2011-01-31,24.08,24.45,23.62,23.67,148600,-0.41,0.83,-1.73,3.51,0.41,-1
2011-01-28,24.26,24.45,23.65,23.86,156100,-0.4,0.8,-1.68,3.35,0.4,-1
2011-01-27,24.07,24.74,24.02,24.23,104300,0.16,0.72,0.66,2.97,0.36,1
2011-01-26,23.32,24.21,22.92,24.05,152200,0.73,1.29,3.04,5.36,0.64,1
2011-01-25,23.17,23.49,22.9,23.29,77800,0.12,0.59,0.52,2.53,0.29,-1
2011-01-24,23.35,23.62,22.9,23.41,79000,0.06,0.72,0.26,3.08,0.36,1
2011-01-21,24.07,24.07,22.83,23.3,236400,-0.77,1.24,-3.3,5.32,0.62,-1
2011-01-20,23.84,24.18,23.2,23.97,130400,0.13,0.98,0.54,4.09,0.49,1
2011-01-19,25.15,25.32,23.88,23.96,254600,-1.19,1.44,-4.97,6.01,0.72,-1
2011-01-18,25.49,25.69,24.94,25.14,288800,-0.35,0.75,-1.39,2.98,0.38,-1
2011-01-14,25.82,26.03,25.53,25.67,99000,-0.15,0.5,-0.58,1.95,0.25,-1
2011-01-13,25.81,26.16,25.72,25.92,93000,0.11,0.44,0.42,1.7,0.22,1
2011-01-12,26.52,26.56,25.75,25.87,147100,-0.65,0.81,-2.51,3.13,0.4,-1
2011-01-11,26.83,27.15,26.26,26.31,173600,-0.52,0.89,-1.98,3.38,0.44,-1
2011-01-10,26.96,26.99,26.29,26.7,186100,-0.26,0.7,-0.97,2.62,0.35,-1
2011-01-07,27.72,27.99,26.59,27.0,189700,-0.72,1.4,-2.67,5.19,0.7,-1
2011-01-06,27.58,27.78,27.0,27.59,279200,0.01,0.78,0.04,2.83,0.39,1
2011-01-05,26.6,27.19,26.39,27.15,169500,0.55,0.8,2.03,2.95,0.4,1
2011-01-04,26.87,27.07,26.26,26.5,263400,-0.37,0.81,-1.4,3.06,0.4,1
2011-01-03,25.85,26.64,25.56,26.42,143100,0.57,1.08,2.16,4.09,0.54,1
2010-12-31,26.3,26.33,25.53,25.61,109500,-0.69,0.8,-2.69,3.12,0.4,-1
2010-12-30,26.1,26.5,25.83,26.36,100300,0.26,0.67,0.99,2.54,0.34,1
2010-12-29,26.33,26.54,26.19,26.21,156400,-0.12,0.35,-0.46,1.34,0.17,-1
2010-12-28,26.68,27.01,26.26,26.34,256200,-0.34,0.75,-1.29,2.85,0.38,-1
2010-12-27,26.41,26.7,26.24,26.61,121300,0.2,0.46,0.75,1.73,0.23,-1
2010-12-23,27.0,27.16,26.5,26.68,240300,-0.32,0.66,-1.2,2.47,0.33,-1
2010-12-22,26.74,28.13,25.71,26.97,1041800,0.23,2.42,0.85,8.97,1.21,1
2010-12-21,22.01,22.3,21.5,22.17,228700,0.16,0.8,0.72,3.61,0.4,1
2010-12-20,22.35,22.45,21.77,21.82,130700,-0.53,0.68,-2.43,3.12,0.34,-1
2010-12-17,22.56,22.62,22.16,22.35,299200,-0.21,0.46,-0.94,2.06,0.23,-1
2010-12-16,22.5,22.8,22.02,22.49,231800,-0.01,0.78,-0.04,3.47,0.39,-1
2010-12-15,23.55,23.59,22.37,22.53,179600,-1.02,1.22,-4.53,5.42,0.61,-1
2010-12-14,24.05,24.05,23.56,23.65,126600,-0.4,0.49,-1.69,2.07,0.25,-1
2010-12-13,24.12,24.12,23.76,23.81,207200,-0.31,0.36,-1.3,1.51,0.18,-1
2010-12-10,23.17,24.05,22.51,24.02,561000,0.85,1.54,3.54,6.41,0.77,1
2010-12-09,26.69,27.23,22.59,23.07,1020600,-3.62,4.64,-15.69,20.11,2.32,-1
2010-12-08,28.23,28.23,27.35,27.69,217400,-0.54,0.88,-1.95,3.18,0.44,-1
2010-12-07,26.62,29.5,26.62,28.21,324500,1.59,2.88,5.64,10.21,1.44,1
2010-12-06,25.99,26.4,25.75,26.35,117400,0.36,0.65,1.37,2.47,0.32,1
2010-12-03,25.53,26.1,24.93,25.96,119300,0.43,1.17,1.66,4.51,0.59,1
2010-12-02,26.4,26.56,25.25,25.71,128800,-0.69,1.31,-2.68,5.1,0.65,-1
2010-12-01,25.24,26.49,25.24,26.48,155000,1.24,1.25,4.68,4.72,0.62,1
2010-11-30,24.32,24.98,24.19,24.7,95800,0.38,0.79,1.54,3.2,0.39,1
2010-11-29,24.16,24.81,23.62,24.67,84200,0.51,1.19,2.07,4.82,0.59,1
2010-11-26,24.23,24.52,24.08,24.43,30700,0.2,0.44,0.82,1.8,0.22,1
2010-11-24,24.87,25.22,23.6,24.33,145600,-0.54,1.62,-2.22,6.66,0.81,-1
2010-11-23,24.26,25.17,23.96,24.59,348500,0.33,1.21,1.34,4.92,0.61,1
2010-11-22,23.69,24.44,23.58,24.18,85500,0.49,0.86,2.03,3.56,0.43,1
2010-11-19,23.49,23.85,23.14,23.76,58500,0.27,0.71,1.14,2.99,0.36,1
2010-11-18,22.75,23.91,22.75,23.57,71900,0.82,1.16,3.48,4.92,0.58,1
2010-11-17,21.99,22.59,21.76,22.37,46200,0.38,0.83,1.7,3.71,0.41,1
2010-11-16,22.13,22.27,21.64,21.89,112300,-0.24,0.63,-1.1,2.88,0.31,-1
2010-11-15,22.46,22.85,22.4,22.42,52600,-0.04,0.45,-0.18,2.01,0.23,1
2010-11-12,22.42,22.68,22.17,22.21,66000,-0.21,0.51,-0.95,2.3,0.25,-1
2010-11-11,21.95,22.71,21.93,22.68,85500,0.73,0.78,3.22,3.44,0.39,1
2010-11-10,23.36,23.51,22.25,22.48,144400,-0.88,1.26,-3.91,5.6,0.63,-1
2010-11-09,23.78,23.84,23.07,23.32,102700,-0.46,0.77,-1.97,3.3,0.38,-1
2010-11-08,23.52,23.83,23.38,23.73,64100,0.21,0.45,0.88,1.9,0.22,1
2010-11-05,22.85,23.6,22.82,23.52,75700,0.67,0.78,2.85,3.32,0.39,1
2010-11-04,23.84,24.06,22.71,22.78,163900,-1.06,1.35,-4.65,5.93,0.67,-1
2010-11-03,23.23,23.45,22.75,23.17,109100,-0.06,0.7,-0.26,3.02,0.35,-1
2010-11-02,23.19,23.39,22.7,23.22,107100,0.03,0.69,0.13,2.97,0.35,1
2010-11-01,23.23,23.27,22.55,22.75,100400,-0.48,0.72,-2.11,3.16,0.36,-1
2010-10-29,22.9,23.21,22.82,23.03,107300,0.13,0.39,0.56,1.69,0.2,1
2010-10-28,23.55,23.67,22.84,22.97,172500,-0.58,0.83,-2.53,3.61,0.42,-1
2010-10-27,23.78,23.99,23.21,23.33,214100,-0.45,0.78,-1.93,3.34,0.39,-1
2010-10-26,23.62,24.19,23.32,23.99,80000,0.37,0.87,1.54,3.63,0.44,1
2010-10-25,23.74,24.12,23.5,23.85,57300,0.11,0.62,0.46,2.6,0.31,1
2010-10-22,23.86,23.92,23.44,23.54,58600,-0.32,0.48,-1.36,2.04,0.24,-1
2010-10-21,24.22,24.36,23.53,23.77,64000,-0.45,0.83,-1.89,3.49,0.41,-1
2010-10-20,24.09,24.3,23.87,23.97,46300,-0.12,0.43,-0.5,1.79,0.21,1
2010-10-19,23.76,24.11,23.55,23.88,107900,0.12,0.56,0.5,2.35,0.28,-1
2010-10-18,24.05,24.36,23.86,24.27,58400,0.22,0.5,0.91,2.06,0.25,1
2010-10-15,24.51,24.63,23.87,23.95,123800,-0.56,0.76,-2.34,3.17,0.38,-1
2010-10-14,23.99,24.21,23.77,24.17,79900,0.18,0.44,0.74,1.82,0.22,1
2010-10-13,24.41,24.49,23.94,23.97,203500,-0.44,0.55,-1.84,2.29,0.27,-1
2010-10-12,23.89,24.26,23.63,24.15,77000,0.26,0.63,1.08,2.61,0.32,1
2010-10-11,24.25,24.54,23.93,23.95,104300,-0.3,0.61,-1.25,2.55,0.3,-1
2010-10-08,23.97,24.66,23.67,24.28,234500,0.31,0.99,1.28,4.08,0.49,1
2010-10-07,23.88,24.22,23.6,23.89,108500,0.01,0.62,0.04,2.6,0.31,1
2010-10-06,23.9,24.0,23.29,23.6,113000,-0.3,0.71,-1.27,3.01,0.36,-1
2010-10-05,23.54,24.14,23.35,23.98,161100,0.44,0.79,1.83,3.29,0.39,1
2010-10-04,23.9,23.9,22.94,23.34,96900,-0.56,0.96,-2.4,4.11,0.48,-1
2010-10-01,23.9,23.93,23.45,23.93,134700,0.03,0.48,0.13,2.01,0.24,1
2010-09-30,24.05,24.05,23.55,23.78,119800,-0.27,0.5,-1.14,2.1,0.25,-1
2010-09-29,24.04,24.04,23.36,23.81,73900,-0.23,0.68,-0.97,2.86,0.34,-1
2010-09-28,24.09,24.27,23.54,24.09,151600,0.0,0.73,0.0,3.03,0.37,-1
2010-09-27,24.08,24.26,23.9,24.1,72000,0.02,0.36,0.08,1.49,0.18,1
2010-09-24,23.35,24.43,23.35,24.0,106000,0.65,1.08,2.71,4.5,0.54,1
2010-09-23,22.97,23.66,22.75,22.84,57500,-0.13,0.91,-0.57,3.98,0.46,-1
2010-09-22,23.73,23.73,22.86,23.29,63100,-0.44,0.87,-1.89,3.74,0.44,-1
2010-09-21,24.3,24.32,23.62,23.9,88200,-0.4,0.7,-1.67,2.93,0.35,-1
2010-09-20,23.61,24.46,23.36,24.22,108800,0.61,1.1,2.52,4.54,0.55,1
2010-09-17,23.69,23.77,22.97,23.45,96700,-0.24,0.8,-1.02,3.41,0.4,1
2010-09-16,23.74,23.88,22.88,23.42,51500,-0.32,1.0,-1.37,4.27,0.5,-1
2010-09-15,23.36,23.98,22.96,23.87,55900,0.51,1.02,2.14,4.27,0.51,1
2010-09-14,23.69,23.82,23.31,23.4,87600,-0.29,0.51,-1.24,2.18,0.26,-1
2010-09-13,23.2,24.01,23.07,23.85,118200,0.65,0.94,2.73,3.94,0.47,1
2010-09-10,22.86,23.32,22.72,22.86,54600,0.0,0.6,0.0,2.62,0.3,1
2010-09-09,23.34,23.39,22.62,22.79,76300,-0.55,0.77,-2.41,3.38,0.38,-1
2010-09-08,22.65,23.22,22.52,23.03,81800,0.38,0.7,1.65,3.04,0.35,1
2010-09-07,22.68,22.77,22.1,22.54,112600,-0.14,0.67,-0.62,2.97,0.33,-1
2010-09-03,23.37,23.55,22.64,22.93,106000,-0.44,0.91,-1.92,3.97,0.46,-1
2010-09-02,20.01,23.33,20.01,23.01,282500,3.0,3.32,13.04,14.43,1.66,1
2010-09-01,20.21,21.56,20.03,21.38,156600,1.17,1.53,5.47,7.16,0.76,1
2010-08-31,19.86,20.73,19.36,19.72,162200,-0.14,1.37,-0.71,6.95,0.69,-1
2010-08-30,20.4,20.7,19.84,19.88,80500,-0.52,0.86,-2.62,4.33,0.43,-1
2010-08-27,20.1,20.54,19.23,20.47,72700,0.37,1.31,1.81,6.4,0.65,1
2010-08-26,20.78,21.01,19.66,19.72,50000,-1.06,1.35,-5.38,6.85,0.68,-1
2010-08-25,19.81,20.69,19.58,20.57,68700,0.76,1.11,3.69,5.4,0.56,1
2010-08-24,19.75,20.66,19.75,19.98,86500,0.23,0.91,1.15,4.55,0.46,-1
2010-08-23,20.39,21.16,20.26,20.36,99400,-0.03,0.9,-0.15,4.42,0.45,1
2010-08-20,20.39,20.5,19.91,20.3,91600,-0.09,0.59,-0.44,2.91,0.29,-1
2010-08-19,21.61,21.72,20.32,20.58,99200,-1.03,1.4,-5.0,6.8,0.7,-1
2010-08-18,21.22,22.11,20.52,21.77,155300,0.55,1.59,2.53,7.3,0.8,1
2010-08-17,20.72,21.64,20.32,21.16,86800,0.44,1.32,2.08,6.24,0.66,1
2010-08-16,20.2,20.98,20.0,20.42,87700,0.22,0.98,1.08,4.8,0.49,-1
2010-08-13,21.17,21.32,20.36,20.44,97100,-0.73,0.96,-3.57,4.7,0.48,-1
2010-08-12,20.72,21.53,20.37,21.32,91300,0.6,1.16,2.81,5.44,0.58,1
2010-08-11,22.06,22.06,21.04,21.3,115700,-0.76,1.02,-3.57,4.79,0.51,-1
2010-08-10,22.56,23.06,22.3,22.6,137000,0.04,0.76,0.18,3.36,0.38,-1
2010-08-09,23.15,23.53,22.65,22.92,57000,-0.23,0.88,-1.0,3.84,0.44,-1
2010-08-06,22.5,23.2,22.23,22.96,83200,0.46,0.97,2.0,4.22,0.48,-1
2010-08-05,23.3,23.34,22.9,23.04,90300,-0.26,0.44,-1.13,1.91,0.22,-1
2010-08-04,22.35,23.86,22.32,23.62,152900,1.27,1.54,5.38,6.52,0.77,1
2010-08-03,22.68,22.74,21.94,22.22,134600,-0.46,0.8,-2.07,3.6,0.4,-1
2010-08-02,23.02,23.39,22.53,22.91,96700,-0.11,0.86,-0.48,3.75,0.43,1
2010-07-30,22.0,22.95,21.41,22.4,68900,0.4,1.54,1.79,6.87,0.77,1
2010-07-29,22.57,22.83,21.88,22.39,76100,-0.18,0.95,-0.8,4.24,0.47,1
2010-07-28,22.69,22.96,22.13,22.36,72600,-0.33,0.83,-1.48,3.71,0.42,-1
2010-07-27,23.63,24.0,22.59,22.73,90700,-0.9,1.41,-3.96,6.2,0.7,-1
2010-07-26,23.04,23.49,22.7,23.44,161700,0.4,0.79,1.71,3.37,0.39,1
2010-07-23,21.9,22.95,21.63,22.89,129400,0.99,1.32,4.33,5.77,0.66,1
2010-07-22,21.09,22.4,21.09,22.16,172000,1.07,1.31,4.83,5.91,0.65,1
2010-07-21,20.65,20.81,19.82,20.63,237500,-0.02,0.99,-0.1,4.8,0.49,1
2010-07-20,19.04,20.47,18.66,20.37,148900,1.33,1.81,6.53,8.89,0.9,1
2010-07-19,19.69,20.09,18.9,19.41,132000,-0.28,1.19,-1.44,6.13,0.6,-1
2010-07-16,21.11,21.11,19.51,19.62,169300,-1.49,1.6,-7.59,8.15,0.8,-1
2010-07-15,22.21,22.22,20.91,21.42,161700,-0.79,1.31,-3.69,6.12,0.65,-1
2010-07-14,22.51,22.79,21.9,22.27,123900,-0.24,0.89,-1.08,4.0,0.45,-1
2010-07-13,21.91,22.75,21.42,22.56,172800,0.65,1.33,2.88,5.9,0.66,1
2010-07-12,22.26,22.51,21.31,21.55,110900,-0.71,1.2,-3.29,5.57,0.6,-1
2010-07-09,21.95,22.46,21.57,22.45,124400,0.5,0.89,2.23,3.96,0.45,1
2010-07-08,21.26,22.03,20.75,22.0,208500,0.74,1.28,3.36,5.82,0.64,1
2010-07-07,19.82,20.91,19.58,20.82,196100,1.0,1.33,4.8,6.39,0.67,1
2010-07-06,20.36,20.8,19.7,19.83,231500,-0.53,1.1,-2.67,5.55,0.55,-1
2010-07-02,20.7,20.99,19.73,19.92,122000,-0.78,1.26,-3.92,6.33,0.63,-1
2010-07-01,20.77,21.12,19.51,20.54,217700,-0.23,1.61,-1.12,7.84,0.8,-1
2010-06-30,20.51,21.54,20.24,20.93,263500,0.42,1.3,2.01,6.21,0.65,1
2010-06-29,21.4,21.4,20.07,20.49,161500,-0.91,1.33,-4.44,6.49,0.66,-1
2010-06-28,22.05,22.47,21.35,21.87,123800,-0.18,1.12,-0.82,5.12,0.56,-1
2010-06-25,21.55,22.29,21.11,22.06,394300,0.51,1.18,2.31,5.35,0.59,1
2010-06-24,22.08,22.22,21.4,21.46,227900,-0.62,0.82,-2.89,3.82,0.41,-1
2010-06-23,22.83,23.07,21.93,22.28,190600,-0.55,1.14,-2.47,5.12,0.57,-1
2010-06-22,23.84,24.11,22.88,23.06,170500,-0.78,1.23,-3.38,5.33,0.62,-1
2010-06-21,24.27,24.5,23.5,23.7,189300,-0.57,1.0,-2.41,4.22,0.5,-1
2010-06-18,24.14,24.4,23.74,23.85,239300,-0.29,0.66,-1.22,2.77,0.33,1
2010-06-17,23.41,24.02,23.0,23.63,146600,0.22,1.02,0.93,4.32,0.51,1
2010-06-16,23.31,23.67,23.03,23.35,149000,0.04,0.64,0.17,2.74,0.32,-1
2010-06-15,23.51,23.58,23.12,23.45,275800,-0.06,0.46,-0.26,1.96,0.23,1
2010-06-14,23.31,23.7,22.81,23.03,179800,-0.28,0.89,-1.22,3.86,0.45,1
2010-06-11,22.38,22.99,22.17,22.72,208700,0.34,0.82,1.5,3.61,0.41,1
2010-06-10,22.5,23.51,22.18,22.71,347200,0.21,1.33,0.92,5.86,0.67,1
2010-06-09,19.09,22.75,19.0,21.93,527900,2.84,3.75,12.95,17.1,1.88,1
2010-06-08,17.95,18.44,17.05,18.14,253900,0.19,1.39,1.05,7.66,0.7,1
2010-06-07,18.98,19.2,17.85,17.88,127900,-1.1,1.35,-6.15,7.55,0.67,-1
2010-06-04,20.23,20.65,18.8,18.89,178900,-1.34,1.85,-7.09,9.79,0.92,-1
2010-06-03,20.23,20.76,19.9,20.57,90700,0.34,0.86,1.65,4.18,0.43,1
2010-06-02,19.34,20.11,18.61,19.98,98300,0.64,1.5,3.2,7.51,0.75,1
2010-06-01,20.56,20.8,19.2,19.27,141300,-1.29,1.6,-6.69,8.3,0.8,-1
2010-05-28,21.44,21.51,20.44,20.84,108100,-0.6,1.07,-2.88,5.13,0.54,-1
2010-05-27,20.7,21.59,20.41,21.53,100600,0.83,1.18,3.86,5.48,0.59,1
2010-05-26,19.99,21.04,19.94,20.13,145200,0.14,1.1,0.7,5.46,0.55,1
2010-05-25,18.99,19.83,18.94,19.71,118400,0.72,0.89,3.65,4.52,0.44,-1
2010-05-24,19.61,19.89,19.07,19.74,151600,0.13,0.82,0.66,4.15,0.41,1
2010-05-21,18.67,20.3,18.67,19.57,280700,0.9,1.63,4.6,8.33,0.81,1
2010-05-20,19.8,20.23,19.09,19.13,210900,-0.67,1.14,-3.5,5.96,0.57,-1
2010-05-19,20.6,21.0,20.22,20.49,176700,-0.11,0.78,-0.54,3.81,0.39,-1
2010-05-18,21.79,21.79,20.51,20.74,201500,-1.05,1.28,-5.06,6.17,0.64,-1
2010-05-17,21.16,21.49,20.09,21.34,87900,0.18,1.4,0.84,6.56,0.7,1
2010-05-14,21.35,21.35,20.23,20.96,90400,-0.39,1.12,-1.86,5.34,0.56,-1
2010-05-13,22.13,22.25,21.29,21.64,107900,-0.49,0.96,-2.26,4.44,0.48,-1
2010-05-12,21.35,22.44,21.22,22.29,148200,0.94,1.22,4.22,5.47,0.61,1
2010-05-11,20.78,21.92,20.53,21.2,122900,0.42,1.39,1.98,6.56,0.7,1
2010-05-10,19.19,21.18,19.03,21.17,186400,1.98,2.15,9.35,10.16,1.07,1
2010-05-07,19.46,19.68,17.81,18.13,228500,-1.33,1.87,-7.34,10.31,0.94,-1
2010-05-06,20.69,21.36,17.0,19.51,83500,-1.18,4.36,-6.05,22.35,2.18,-1
2010-05-05,21.36,21.81,20.52,20.86,118300,-0.5,1.29,-2.4,6.18,0.64,-1
2010-05-04,22.82,23.06,21.25,21.51,155600,-1.31,1.81,-6.09,8.41,0.9,-1
2010-05-03,21.74,23.34,21.64,23.19,102800,1.45,1.7,6.25,7.33,0.85,1
2010-04-30,22.93,23.07,21.51,21.59,179100,-1.34,1.56,-6.21,7.23,0.78,-1
2010-04-29,22.8,22.93,22.02,22.88,103700,0.08,0.91,0.35,3.98,0.46,1
2010-04-28,23.39,23.55,22.45,22.59,80400,-0.8,1.1,-3.54,4.87,0.55,-1
2010-04-27,23.12,23.56,23.1,23.25,209400,0.13,0.46,0.56,1.98,0.23,-1
2010-04-26,23.0,23.71,23.0,23.33,101400,0.33,0.71,1.41,3.04,0.36,1
2010-04-23,22.87,23.08,22.6,23.04,67100,0.17,0.48,0.74,2.08,0.24,1
2010-04-22,21.68,23.01,21.59,22.87,72900,1.19,1.42,5.2,6.21,0.71,1
2010-04-21,22.39,22.41,21.69,22.07,92400,-0.32,0.72,-1.45,3.26,0.36,-1
2010-04-20,22.57,22.95,22.32,22.46,55200,-0.11,0.63,-0.49,2.8,0.31,-1
2010-04-19,22.27,22.85,21.83,22.47,131800,0.2,1.02,0.89,4.54,0.51,-1
2010-04-16,22.86,23.13,22.26,22.47,84400,-0.39,0.87,-1.74,3.87,0.43,-1
2010-04-15,22.6,22.92,22.35,22.87,68500,0.27,0.57,1.18,2.49,0.29,1
2010-04-14,22.07,22.84,22.0,22.56,197600,0.49,0.84,2.17,3.72,0.42,1
2010-04-13,21.35,22.17,21.17,21.94,166100,0.59,1.0,2.69,4.56,0.5,1
2010-04-12,21.6,22.27,21.46,21.53,121600,-0.07,0.81,-0.33,3.76,0.4,-1
2010-04-09,21.4,21.68,21.22,21.6,69300,0.2,0.46,0.93,2.13,0.23,1
2010-04-08,21.9,21.9,21.27,21.35,119800,-0.55,0.63,-2.58,2.95,0.31,-1
2010-04-07,21.96,22.26,21.46,21.97,96300,0.01,0.8,0.05,3.64,0.4,1
2010-04-06,21.72,22.06,21.4,21.93,92200,0.21,0.66,0.96,3.01,0.33,1
2010-04-05,21.0,21.95,20.81,21.83,114100,0.83,1.14,3.8,5.22,0.57,1
2010-04-01,20.56,21.33,20.32,20.85,153600,0.29,1.01,1.39,4.84,0.5,1
2010-03-31,20.5,20.9,20.11,20.33,329100,-0.17,0.79,-0.84,3.89,0.39,-1
2010-03-30,20.56,21.75,20.25,20.6,785600,0.04,1.5,0.19,7.28,0.75,-1
2010-03-29,23.51,23.66,22.92,23.51,502400,0.0,0.74,0.0,3.15,0.37,1
2010-03-26,22.66,23.5,22.63,23.49,145700,0.83,0.87,3.53,3.7,0.44,1
2010-03-25,21.77,22.81,21.67,22.61,164200,0.84,1.14,3.72,5.04,0.57,1
2010-03-24,21.74,21.76,21.17,21.5,44400,-0.24,0.59,-1.12,2.74,0.29,-1
2010-03-23,21.55,21.97,21.45,21.79,68900,0.24,0.52,1.1,2.39,0.26,1
2010-03-22,20.56,21.6,20.37,21.47,43500,0.91,1.23,4.24,5.73,0.62,1
2010-03-19,20.74,21.71,20.44,20.74,168400,0.0,1.27,0.0,6.12,0.63,-1
2010-03-18,21.88,22.08,21.25,21.61,64300,-0.27,0.83,-1.25,3.84,0.41,-1
2010-03-17,21.82,22.28,21.74,21.92,113300,0.1,0.54,0.46,2.46,0.27,1
2010-03-16,21.73,21.76,21.41,21.68,48100,-0.05,0.35,-0.23,1.61,0.18,1
2010-03-15,21.64,21.78,21.4,21.65,145900,0.01,0.38,0.05,1.76,0.19,1
2010-03-12,21.66,21.82,21.44,21.63,62900,-0.03,0.38,-0.14,1.76,0.19,1
2010-03-11,21.52,21.79,21.27,21.62,58500,0.1,0.52,0.46,2.41,0.26,-1
2010-03-10,21.68,21.84,21.48,21.65,82800,-0.03,0.36,-0.14,1.66,0.18,1
2010-03-09,21.62,21.87,21.35,21.62,76300,0.0,0.52,0.0,2.41,0.26,-1
2010-03-08,21.33,21.88,21.33,21.8,93000,0.47,0.55,2.16,2.52,0.28,1
2010-03-05,20.76,21.71,20.74,21.4,142300,0.64,0.97,2.99,4.53,0.49,1
2010-03-04,20.15,20.69,20.15,20.63,63700,0.48,0.54,2.33,2.62,0.27,1
2010-03-03,20.36,20.79,20.13,20.26,72700,-0.1,0.66,-0.49,3.26,0.33,1
2010-03-02,20.27,20.45,19.84,20.22,88500,-0.05,0.61,-0.25,3.02,0.3,-1
2010-03-01,19.52,20.35,19.52,20.29,62000,0.77,0.83,3.79,4.09,0.42,1
2010-02-26,19.74,19.84,19.27,19.46,75700,-0.28,0.57,-1.44,2.93,0.29,-1
2010-02-25,19.35,19.69,19.16,19.68,131900,0.33,0.53,1.68,2.69,0.27,-1
2010-02-24,19.67,19.76,19.15,19.69,134500,0.02,0.61,0.1,3.1,0.31,1
2010-02-23,19.65,19.78,19.39,19.54,179900,-0.11,0.39,-0.56,2.0,0.2,-1
2010-02-22,19.57,19.75,19.41,19.64,115000,0.07,0.34,0.36,1.73,0.17,1
2010-02-19,19.09,19.48,18.85,19.44,105800,0.35,0.63,1.8,3.24,0.31,1
2010-02-18,18.77,19.2,18.53,19.11,93500,0.34,0.67,1.78,3.51,0.33,1
2010-02-17,17.63,19.06,17.57,18.74,213700,1.11,1.49,5.92,7.95,0.74,1
2010-02-16,17.06,17.52,16.81,17.46,61000,0.4,0.71,2.29,4.07,0.36,1
2010-02-12,16.45,16.86,16.33,16.82,87000,0.37,0.53,2.2,3.15,0.27,1
2010-02-11,16.32,16.73,16.11,16.67,153500,0.35,0.62,2.1,3.72,0.31,1
2010-02-10,16.32,16.59,16.08,16.46,59000,0.14,0.51,0.85,3.1,0.26,-1
2010-02-09,16.82,16.82,16.05,16.46,70100,-0.36,0.77,-2.19,4.68,0.38,-1
2010-02-08,16.63,17.17,16.25,16.58,60000,-0.05,0.92,-0.3,5.55,0.46,-1
2010-02-05,17.28,17.35,16.1,16.7,147900,-0.58,1.25,-3.47,7.49,0.62,-1
2010-02-04,17.84,18.04,17.19,17.31,88700,-0.53,0.85,-3.06,4.91,0.42,-1
2010-02-03,18.77,18.98,17.89,18.08,94600,-0.69,1.09,-3.82,6.03,0.54,-1
2010-02-02,18.23,19.17,18.05,18.93,118800,0.7,1.12,3.7,5.92,0.56,1
2010-02-01,17.86,18.53,17.47,18.29,91900,0.43,1.06,2.35,5.8,0.53,1
2010-01-29,17.76,18.56,17.74,17.84,160100,0.08,0.82,0.45,4.6,0.41,1
2010-01-28,18.51,18.63,17.55,17.61,63400,-0.9,1.08,-5.11,6.13,0.54,-1
2010-01-27,18.09,18.57,17.58,18.44,65800,0.35,0.99,1.9,5.37,0.5,1
2010-01-26,17.76,18.48,17.54,18.27,135700,0.51,0.94,2.79,5.15,0.47,1
2010-01-25,18.23,18.37,17.55,17.91,117900,-0.32,0.82,-1.79,4.58,0.41,-1
2010-01-22,18.91,19.16,17.8,18.11,129400,-0.8,1.36,-4.42,7.51,0.68,-1
2010-01-21,20.28,20.43,18.94,18.99,131500,-1.29,1.49,-6.79,7.85,0.74,-1
2010-01-20,21.1,21.22,20.03,20.26,138100,-0.84,1.19,-4.15,5.87,0.59,-1
2010-01-19,20.95,21.53,20.95,21.29,81400,0.34,0.58,1.6,2.72,0.29,1
2010-01-15,21.25,21.39,20.51,21.04,94800,-0.21,0.88,-1.0,4.18,0.44,-1
2010-01-14,21.36,21.74,21.05,21.14,99900,-0.22,0.69,-1.04,3.26,0.34,-1
2010-01-13,21.36,21.66,21.05,21.53,85200,0.17,0.61,0.79,2.83,0.3,1
2010-01-12,22.05,22.18,21.36,21.45,102900,-0.6,0.82,-2.8,3.82,0.41,-1
2010-01-11,23.21,23.38,22.25,22.36,123400,-0.85,1.13,-3.8,5.05,0.56,-1
2010-01-08,23.12,23.2,22.79,23.12,88200,0.0,0.41,0.0,1.77,0.21,-1
2010-01-07,22.94,23.23,22.44,23.17,98700,0.23,0.79,0.99,3.41,0.39,1
2010-01-06,22.66,23.2,22.51,22.91,112900,0.25,0.69,1.09,3.01,0.34,1
2010-01-05,21.79,23.07,21.37,22.76,195300,0.97,1.7,4.26,7.47,0.85,1
2010-01-04,21.08,22.08,21.05,21.77,150000,0.69,1.03,3.17,4.73,0.51,1
2009-12-31,21.18,21.46,20.58,20.68,88300,-0.5,0.88,-2.42,4.26,0.44,-1
2009-12-30,20.95,21.45,20.82,21.2,99800,0.25,0.63,1.18,2.97,0.31,1
2009-12-29,21.09,21.26,20.48,21.19,160600,0.1,0.78,0.47,3.68,0.39,1
2009-12-28,21.74,21.95,20.87,21.08,92900,-0.66,1.08,-3.13,5.12,0.54,-1
2009-12-24,21.74,22.21,21.45,21.73,18800,-0.01,0.76,-0.05,3.5,0.38,1
2009-12-23,22.1,22.25,21.29,21.66,107400,-0.44,0.96,-2.03,4.43,0.48,-1
2009-12-22,22.18,22.27,21.85,22.02,121300,-0.16,0.42,-0.73,1.91,0.21,-1
2009-12-21,21.77,22.62,21.71,22.07,289500,0.3,0.91,1.36,4.12,0.46,1
2009-12-18,22.81,23.19,21.63,21.66,386600,-1.15,1.56,-5.31,7.2,0.78,-1
2009-12-17,23.2,23.52,21.92,22.54,209200,-0.66,1.6,-2.93,7.1,0.8,-1
2009-12-16,24.5,24.55,23.32,23.4,301600,-1.1,1.23,-4.7,5.26,0.62,-1
2009-12-15,24.96,25.1,24.01,24.23,128200,-0.73,1.09,-3.01,4.5,0.54,-1
2009-12-14,24.93,25.62,24.67,25.03,151800,0.1,0.95,0.4,3.8,0.47,1
2009-12-11,24.48,25.0,24.21,24.61,244900,0.13,0.79,0.53,3.21,0.39,1
2009-12-10,23.36,24.55,22.75,24.16,584000,0.8,1.8,3.31,7.45,0.9,1
2009-12-09,21.08,21.34,20.76,21.07,146500,-0.01,0.58,-0.05,2.75,0.29,1
2009-12-08,21.7,21.83,20.97,21.06,84800,-0.64,0.86,-3.04,4.08,0.43,-1
2009-12-07,21.87,22.24,21.6,21.83,91200,-0.04,0.64,-0.18,2.93,0.32,-1
2009-12-04,21.54,22.84,21.54,21.94,112400,0.4,1.3,1.82,5.93,0.65,1
2009-12-03,22.17,22.38,21.18,21.3,76600,-0.87,1.2,-4.08,5.63,0.6,-1
2009-12-02,21.86,22.99,21.76,22.06,101600,0.2,1.23,0.91,5.58,0.61,1
2009-12-01,21.66,22.25,21.45,21.77,81800,0.11,0.8,0.51,3.67,0.4,1
2009-11-30,21.43,21.72,20.78,21.45,110500,0.02,0.94,0.09,4.38,0.47,-1
2009-11-27,20.64,22.11,20.64,21.54,36800,0.9,1.47,4.18,6.82,0.73,-1
2009-11-25,21.84,22.3,21.84,21.98,67700,0.14,0.46,0.64,2.09,0.23,1
2009-11-24,22.55,22.55,21.6,21.83,66700,-0.72,0.95,-3.3,4.35,0.47,-1
2009-11-23,22.04,23.06,22.04,22.6,97800,0.56,1.02,2.48,4.51,0.51,1
2009-11-20,21.54,22.04,21.41,21.56,90300,0.02,0.63,0.09,2.92,0.31,-1
2009-11-19,22.4,22.4,21.41,21.67,111100,-0.73,0.99,-3.37,4.57,0.49,-1
2009-11-18,23.23,23.26,22.21,22.55,55100,-0.68,1.05,-3.02,4.66,0.53,-1
2009-11-17,23.34,23.45,22.75,23.29,80700,-0.05,0.7,-0.21,3.01,0.35,-1
2009-11-16,22.65,23.54,22.65,23.43,111600,0.78,0.89,3.33,3.8,0.45,1
2009-11-13,22.19,22.74,21.75,22.46,82600,0.27,0.99,1.2,4.41,0.49,1
2009-11-12,23.18,23.18,21.95,22.03,87400,-1.15,1.23,-5.22,5.58,0.62,-1
2009-11-11,23.4,23.52,22.94,23.17,122000,-0.23,0.58,-0.99,2.5,0.29,1
2009-11-10,22.6,23.44,22.6,23.06,232200,0.46,0.84,1.99,3.64,0.42,1
2009-11-09,21.95,23.33,21.75,22.74,195500,0.79,1.58,3.47,6.95,0.79,1
2009-11-06,21.19,22.0,21.08,21.77,175000,0.58,0.92,2.66,4.23,0.46,1
2009-11-05,20.6,21.85,20.34,21.49,170900,0.89,1.51,4.14,7.03,0.76,1
2009-11-04,20.67,20.75,20.01,20.37,267400,-0.3,0.74,-1.47,3.63,0.37,-1
2009-11-03,19.65,20.45,19.4,20.37,267000,0.72,1.05,3.53,5.15,0.53,1
2009-11-02,19.45,19.96,19.0,19.78,264500,0.33,0.96,1.67,4.85,0.48,1
2009-10-30,19.82,20.05,19.1,19.35,159500,-0.47,0.95,-2.43,4.91,0.47,-1
2009-10-29,19.85,20.2,19.66,19.9,161900,0.05,0.54,0.25,2.71,0.27,1
2009-10-28,19.66,20.21,19.44,19.45,284800,-0.21,0.77,-1.08,3.96,0.38,-1
2009-10-27,20.84,21.06,19.62,19.72,278000,-1.12,1.44,-5.68,7.3,0.72,-1
2009-10-26,20.95,21.8,20.64,20.74,273800,-0.21,1.16,-1.01,5.59,0.58,-1
2009-10-23,22.92,23.13,20.84,20.87,248000,-2.05,2.29,-9.82,10.97,1.14,-1
2009-10-22,22.96,23.77,21.37,22.89,304100,-0.07,2.4,-0.31,10.48,1.2,-1
2009-10-21,23.49,24.36,22.83,22.94,173500,-0.55,1.53,-2.4,6.67,0.77,-1
2009-10-20,23.47,23.76,23.09,23.5,118800,0.03,0.67,0.13,2.85,0.34,1
2009-10-19,22.94,23.8,22.94,23.47,108500,0.53,0.86,2.26,3.66,0.43,1
2009-10-16,23.23,23.5,22.65,22.91,140100,-0.32,0.85,-1.4,3.71,0.43,-1
2009-10-15,23.3,23.64,23.1,23.53,124700,0.23,0.54,0.98,2.29,0.27,-1
2009-10-14,23.16,23.65,22.65,23.57,112900,0.41,1.0,1.74,4.24,0.5,1
2009-10-13,22.76,22.98,22.55,22.82,81400,0.06,0.43,0.26,1.88,0.21,-1
2009-10-12,23.35,23.69,23.1,23.18,107200,-0.17,0.59,-0.73,2.55,0.29,-1
2009-10-09,22.93,23.7,22.93,23.36,120000,0.43,0.77,1.84,3.3,0.38,1
2009-10-08,23.0,23.6,22.82,23.1,194500,0.1,0.78,0.43,3.38,0.39,1
2009-10-07,21.36,22.99,21.31,22.86,256300,1.5,1.68,6.56,7.35,0.84,1
2009-10-06,20.09,21.94,20.07,21.4,235400,1.31,1.87,6.12,8.74,0.94,1
2009-10-05,18.96,20.17,18.96,20.07,195700,1.11,1.21,5.53,6.03,0.61,1
2009-10-02,18.6,19.16,18.19,18.9,228100,0.3,0.97,1.59,5.13,0.48,-1
2009-10-01,19.63,19.63,18.75,19.07,211600,-0.56,0.88,-2.94,4.61,0.44,-1
2009-09-30,20.8,20.8,19.21,19.7,237700,-1.1,1.59,-5.58,8.07,0.8,-1
2009-09-29,21.4,21.63,20.64,20.72,172300,-0.68,0.99,-3.28,4.78,0.49,-1
2009-09-28,20.04,21.5,19.93,21.27,137700,1.23,1.57,5.78,7.38,0.79,1
2009-09-25,20.3,20.51,19.76,19.87,114400,-0.43,0.75,-2.16,3.77,0.38,-1
2009-09-24,20.5,20.78,19.75,20.42,173100,-0.08,1.03,-0.39,5.04,0.52,-1
2009-09-23,20.96,21.37,20.4,20.46,99300,-0.5,0.97,-2.44,4.74,0.49,-1
2009-09-22,21.35,21.46,20.76,20.91,120600,-0.44,0.7,-2.1,3.35,0.35,-1
2009-09-21,20.58,21.41,19.84,21.25,241700,0.67,1.57,3.15,7.39,0.79,1
2009-09-18,20.83,21.13,20.59,20.76,240800,-0.07,0.54,-0.34,2.6,0.27,-1
2009-09-17,20.78,22.19,20.22,20.98,302400,0.2,1.97,0.95,9.39,0.99,-1
2009-09-16,20.43,21.4,20.31,21.18,160400,0.75,1.09,3.54,5.15,0.54,1
2009-09-15,19.46,20.35,19.16,20.17,149800,0.71,1.19,3.52,5.9,0.6,1
2009-09-14,18.75,19.59,18.59,19.39,162000,0.64,1.0,3.3,5.16,0.5,1
2009-09-11,18.82,19.25,18.7,18.92,127600,0.1,0.55,0.53,2.91,0.28,1
2009-09-10,17.9,19.41,17.82,18.89,235400,0.99,1.59,5.24,8.42,0.8,1
2009-09-09,17.78,18.27,17.4,17.96,209100,0.18,0.87,1.0,4.84,0.44,1
2009-09-08,17.94,18.25,17.6,17.72,164700,-0.22,0.65,-1.24,3.67,0.32,-1
2009-09-04,17.34,18.0,16.95,17.91,380300,0.57,1.05,3.18,5.86,0.53,1
2009-09-03,16.05,17.52,15.95,16.93,988400,0.88,1.57,5.2,9.27,0.79,1
2009-09-02,13.42,14.32,13.24,14.1,225800,0.68,1.08,4.82,7.66,0.54,1
2009-09-01,13.88,14.3,13.26,13.52,143000,-0.36,1.04,-2.66,7.69,0.52,-1
2009-08-31,14.37,14.44,14.0,14.0,107100,-0.37,0.44,-2.64,3.14,0.22,-1
2009-08-28,14.87,14.89,14.36,14.44,46900,-0.43,0.53,-2.98,3.67,0.27,-1
2009-08-27,14.61,14.87,14.18,14.77,66800,0.16,0.69,1.08,4.67,0.34,1
2009-08-26,14.41,14.86,14.3,14.67,72300,0.26,0.56,1.77,3.82,0.28,1
2009-08-25,14.15,14.6,14.07,14.47,96900,0.32,0.53,2.21,3.66,0.26,1
2009-08-24,14.2,14.33,13.97,14.04,77400,-0.16,0.36,-1.14,2.56,0.18,-1
2009-08-21,13.89,14.2,13.83,14.09,76900,0.2,0.37,1.42,2.63,0.18,1
2009-08-20,13.69,13.97,13.69,13.88,55600,0.19,0.28,1.37,2.02,0.14,1
2009-08-19,13.42,13.96,13.16,13.69,68000,0.27,0.8,1.97,5.84,0.4,1
2009-08-18,13.3,13.8,13.01,13.59,74600,0.29,0.79,2.13,5.81,0.4,1
2009-08-17,13.33,13.49,12.66,13.28,110000,-0.05,0.83,-0.38,6.25,0.42,-1
2009-08-14,14.38,14.38,13.61,13.79,83700,-0.59,0.77,-4.28,5.58,0.39,-1
2009-08-13,14.53,14.56,14.01,14.36,56600,-0.17,0.55,-1.18,3.83,0.28,-1
2009-08-12,14.18,14.6,14.12,14.39,134200,0.21,0.48,1.46,3.34,0.24,1
2009-08-11,14.43,14.63,13.65,14.12,97200,-0.31,0.98,-2.2,6.94,0.49,-1
2009-08-10,14.11,14.64,13.67,14.48,90700,0.37,0.97,2.56,6.7,0.49,1
2009-08-07,14.42,14.47,13.97,14.23,112700,-0.19,0.5,-1.34,3.51,0.25,1
2009-08-06,14.03,14.12,13.75,14.03,167100,0.0,0.37,0.0,2.64,0.18,1
2009-08-05,13.95,14.03,13.51,13.94,130900,-0.01,0.52,-0.07,3.73,0.26,-1
2009-08-04,13.75,14.0,13.42,13.95,95400,0.2,0.58,1.43,4.16,0.29,1
2009-08-03,13.85,13.85,13.29,13.84,148600,-0.01,0.56,-0.07,4.05,0.28,1
2009-07-31,13.37,13.79,13.25,13.71,174900,0.34,0.54,2.48,3.94,0.27,1
2009-07-30,12.94,13.74,12.83,13.4,158700,0.46,0.91,3.43,6.79,0.46,1
2009-07-29,12.62,12.98,12.42,12.81,92200,0.19,0.56,1.48,4.37,0.28,1
2009-07-28,12.14,12.82,11.89,12.72,104600,0.58,0.93,4.56,7.31,0.46,1
2009-07-27,12.1,12.54,11.95,12.5,128600,0.4,0.59,3.2,4.72,0.29,1
2009-07-24,11.22,12.09,11.22,12.09,127500,0.87,0.87,7.2,7.2,0.43,1
2009-07-23,11.09,11.75,10.88,11.36,93200,0.27,0.87,2.38,7.66,0.43,1
2009-07-22,10.46,11.34,10.46,11.15,105100,0.69,0.88,6.19,7.89,0.44,1
2009-07-21,10.35,10.64,10.26,10.55,44800,0.2,0.38,1.9,3.6,0.19,1
2009-07-20,10.72,11.07,10.18,10.31,124500,-0.41,0.89,-3.98,8.63,0.45,-1
2009-07-17,10.67,10.7,10.12,10.68,120600,0.01,0.58,0.09,5.43,0.29,1
2009-07-16,10.4,10.77,10.28,10.64,61800,0.24,0.49,2.26,4.61,0.25,1
2009-07-15,9.87,10.51,9.86,10.49,104600,0.62,0.65,5.91,6.2,0.33,1
2009-07-14,9.34,9.99,9.26,9.68,106400,0.34,0.73,3.51,7.54,0.37,1
2009-07-13,9.41,9.48,8.97,9.38,98800,-0.03,0.51,-0.32,5.44,0.25,-1
2009-07-10,9.3,9.7,9.14,9.47,97700,0.17,0.56,1.8,5.91,0.28,1
2009-07-09,9.89,9.95,9.25,9.41,168000,-0.48,0.7,-5.1,7.44,0.35,-1
2009-07-08,10.26,10.49,9.59,9.72,136000,-0.54,0.9,-5.56,9.26,0.45,-1
2009-07-07,10.44,10.73,10.11,10.21,146100,-0.23,0.62,-2.25,6.07,0.31,-1
2009-07-06,10.66,10.86,10.07,10.38,176600,-0.28,0.79,-2.7,7.61,0.39,-1
2009-07-02,12.19,12.19,10.68,10.68,210900,-1.51,1.51,-14.14,14.14,0.75,-1
2009-07-01,11.7,12.25,11.62,12.16,161800,0.46,0.63,3.78,5.18,0.32,1
2009-06-30,11.26,11.72,11.1,11.65,253900,0.39,0.62,3.35,5.32,0.31,1
2009-06-29,11.36,11.62,11.25,11.31,174600,-0.05,0.37,-0.44,3.27,0.18,-1
2009-06-26,11.66,11.81,11.02,11.36,464500,-0.3,0.79,-2.64,6.95,0.4,-1
2009-06-25,11.23,11.74,11.09,11.71,209800,0.48,0.65,4.1,5.55,0.33,1
2009-06-24,11.58,11.93,11.16,11.23,244300,-0.35,0.77,-3.12,6.86,0.38,-1
2009-06-23,11.76,11.76,11.04,11.52,225800,-0.24,0.72,-2.08,6.25,0.36,-1
2009-06-22,11.72,11.86,11.4,11.62,140500,-0.1,0.46,-0.86,3.96,0.23,-1
2009-06-19,11.66,12.37,11.51,11.76,244300,0.1,0.86,0.85,7.31,0.43,1
2009-06-18,11.58,11.58,11.11,11.44,114800,-0.14,0.47,-1.22,4.11,0.24,-1
2009-06-17,11.6,11.77,11.0,11.66,115800,0.06,0.77,0.51,6.6,0.38,1
2009-06-16,11.96,12.08,11.33,11.57,128900,-0.39,0.75,-3.37,6.48,0.38,-1
2009-06-15,12.13,12.13,11.1,11.88,227800,-0.25,1.03,-2.1,8.67,0.52,-1
2009-06-12,12.5,12.53,12.06,12.2,209900,-0.3,0.47,-2.46,3.85,0.23,-1
2009-06-11,13.32,13.45,12.52,12.58,258700,-0.74,0.93,-5.88,7.39,0.46,-1
2009-06-10,12.83,14.01,12.38,13.36,520900,0.53,1.63,3.97,12.2,0.81,1
2009-06-09,11.03,12.34,11.03,12.16,295600,1.13,1.31,9.29,10.77,0.66,1
2009-06-08,11.48,11.6,10.94,11.04,139300,-0.44,0.66,-3.99,5.98,0.33,-1
2009-06-05,11.0,11.77,11.0,11.5,139600,0.5,0.77,4.35,6.7,0.38,1
2009-06-04,10.27,10.86,10.01,10.85,89600,0.58,0.85,5.35,7.83,0.42,1
2009-06-03,10.5,10.55,10.04,10.25,79700,-0.25,0.51,-2.44,4.98,0.26,-1
2009-06-02,9.89,10.82,9.49,10.59,182400,0.7,1.33,6.61,12.56,0.66,1
2009-06-01,9.44,10.48,9.44,9.98,96300,0.54,1.04,5.41,10.42,0.52,1
2009-05-29,8.93,9.42,8.75,9.27,131200,0.34,0.67,3.67,7.23,0.34,1
2009-05-28,9.64,9.87,8.79,8.87,153800,-0.77,1.08,-8.68,12.18,0.54,-1
2009-05-27,10.19,10.19,9.31,9.52,105000,-0.67,0.88,-7.04,9.24,0.44,-1
2009-05-26,8.81,10.56,8.65,10.22,117600,1.41,1.91,13.8,18.69,0.96,1
2009-05-22,9.0,9.16,8.81,8.92,72700,-0.08,0.35,-0.9,3.92,0.17,-1
2009-05-21,8.89,9.05,8.62,8.96,84000,0.07,0.43,0.78,4.8,0.22,-1
2009-05-20,9.47,9.79,8.98,9.0,72700,-0.47,0.81,-5.22,9.0,0.4,-1
2009-05-19,9.42,9.64,8.9,9.41,96000,-0.01,0.74,-0.11,7.86,0.37,-1
2009-05-18,8.79,9.52,8.63,9.42,81700,0.63,0.89,6.69,9.45,0.44,1
2009-05-15,8.8,9.07,8.5,8.63,64100,-0.17,0.57,-1.97,6.6,0.29,-1
2009-05-14,8.45,9.25,8.45,8.87,100700,0.42,0.8,4.74,9.02,0.4,1
2009-05-13,9.4,9.6,8.39,8.5,162900,-0.9,1.21,-10.59,14.24,0.6,-1
2009-05-12,9.41,9.72,9.0,9.65,133700,0.24,0.72,2.49,7.46,0.36,1
2009-05-11,9.44,9.72,9.25,9.38,84600,-0.06,0.47,-0.64,5.01,0.24,-1
2009-05-08,9.58,9.83,9.25,9.64,104000,0.06,0.58,0.62,6.02,0.29,1
2009-05-07,10.8,10.8,9.24,9.45,195100,-1.35,1.56,-14.29,16.51,0.78,-1
2009-05-06,10.57,10.86,10.29,10.68,182100,0.11,0.57,1.03,5.34,0.29,1
2009-05-05,10.45,10.8,9.97,10.52,176400,0.07,0.83,0.67,7.89,0.42,-1
2009-05-04,9.97,10.54,9.68,10.54,131300,0.57,0.86,5.41,8.16,0.43,1
2009-05-01,9.76,10.39,9.58,9.84,159300,0.08,0.81,0.81,8.23,0.41,1
2009-04-30,10.39,10.7,9.7,9.74,147400,-0.65,1.0,-6.67,10.27,0.5,-1
2009-04-29,9.64,11.15,9.61,10.22,237200,0.58,1.54,5.68,15.07,0.77,1
2009-04-28,8.99,9.91,8.66,9.6,203400,0.61,1.25,6.35,13.02,0.62,1
2009-04-27,9.0,9.63,8.78,9.12,348800,0.12,0.85,1.32,9.32,0.43,-1
2009-04-24,9.23,9.79,9.0,9.2,267900,-0.03,0.79,-0.33,8.59,0.39,1
2009-04-23,9.42,9.95,8.94,9.19,321300,-0.23,1.01,-2.5,10.99,0.5,-1
2009-04-22,8.57,9.57,8.42,9.48,348600,0.91,1.15,9.6,12.13,0.58,1
2009-04-21,7.84,8.75,7.8,8.68,125300,0.84,0.95,9.68,10.94,0.48,1
2009-04-20,8.35,8.35,8.0,8.02,124100,-0.33,0.35,-4.11,4.36,0.17,-1
2009-04-17,8.46,8.97,8.44,8.55,168300,0.09,0.53,1.05,6.2,0.27,1
2009-04-16,7.97,8.45,7.72,8.43,179600,0.46,0.73,5.46,8.66,0.36,1
2009-04-15,8.32,8.39,7.7,7.87,143300,-0.45,0.69,-5.72,8.77,0.35,-1
2009-04-14,8.34,8.56,7.93,8.34,219700,0.0,0.63,0.0,7.55,0.32,-1
2009-04-13,7.44,8.75,7.23,8.46,213400,1.02,1.52,12.06,17.97,0.76,1
2009-04-09,7.06,7.68,7.06,7.53,187300,0.47,0.62,6.24,8.23,0.31,1
2009-04-08,6.86,7.31,6.86,7.0,302900,0.14,0.45,2.0,6.43,0.22,1
2009-04-07,6.69,7.03,6.65,6.83,117400,0.14,0.38,2.05,5.56,0.19,1
2009-04-06,7.32,7.35,6.62,6.79,131600,-0.53,0.73,-7.81,10.75,0.36,-1
2009-04-03,6.99,7.38,6.64,7.36,177300,0.37,0.74,5.03,10.05,0.37,1
2009-04-02,6.26,7.17,6.17,7.03,201300,0.77,1.0,10.95,14.22,0.5,1
2009-04-01,6.04,6.35,5.92,6.15,153200,0.11,0.43,1.79,6.99,0.21,-1
2009-03-31,5.85,6.61,5.53,6.17,440000,0.32,1.08,5.19,17.5,0.54,-1
2009-03-30,7.08,7.08,6.25,6.46,137700,-0.62,0.83,-9.6,12.85,0.42,-1
2009-03-27,6.82,7.34,6.47,7.18,213700,0.36,0.87,5.01,12.12,0.44,1
2009-03-26,6.34,7.11,6.34,7.11,131700,0.77,0.77,10.83,10.83,0.39,1
2009-03-25,6.48,6.88,5.88,6.26,108500,-0.22,1.0,-3.51,15.97,0.5,-1
2009-03-24,6.08,6.69,5.89,6.42,212800,0.34,0.8,5.3,12.46,0.4,1
2009-03-23,5.81,6.28,5.7,6.28,143700,0.47,0.58,7.48,9.24,0.29,1
2009-03-20,5.79,5.98,5.6,5.74,217700,-0.05,0.38,-0.87,6.62,0.19,1
2009-03-19,5.41,5.72,5.26,5.72,105100,0.31,0.46,5.42,8.04,0.23,1
2009-03-18,4.9,5.58,4.9,5.39,99500,0.49,0.68,9.09,12.62,0.34,1
2009-03-17,4.56,4.87,4.49,4.87,67500,0.31,0.38,6.37,7.8,0.19,1
2009-03-16,4.51,4.87,4.49,4.52,68900,0.01,0.38,0.22,8.41,0.19,1
2009-03-13,4.58,4.71,4.23,4.51,135600,-0.07,0.48,-1.55,10.64,0.24,-1
2009-03-12,3.66,4.71,3.6,4.6,204100,0.94,1.11,20.43,24.13,0.55,1
2009-03-11,3.65,3.9,3.63,3.69,84300,0.04,0.27,1.08,7.32,0.14,1
2009-03-10,3.46,3.8,3.29,3.64,117200,0.18,0.51,4.95,14.01,0.25,1
2009-03-09,3.56,3.56,3.14,3.32,141100,-0.24,0.42,-7.23,12.65,0.21,-1
2009-03-06,3.61,3.69,3.45,3.5,78200,-0.11,0.24,-3.14,6.86,0.12,-1
2009-03-05,3.89,3.91,3.55,3.58,93400,-0.31,0.36,-8.66,10.06,0.18,-1
2009-03-04,3.75,4.08,3.73,4.01,134600,0.26,0.35,6.48,8.73,0.18,1
2009-03-03,4.25,4.47,3.66,3.7,353400,-0.55,0.81,-14.86,21.89,0.4,-1
2009-03-02,4.63,4.67,4.18,4.25,119000,-0.38,0.49,-8.94,11.53,0.25,-1
2009-02-27,4.26,4.81,4.09,4.67,109800,0.41,0.72,8.78,15.42,0.36,1
2009-02-26,4.98,4.98,4.25,4.26,126300,-0.72,0.73,-16.9,17.14,0.37,-1
2009-02-25,5.06,5.09,4.82,4.96,102200,-0.1,0.27,-2.02,5.44,0.13,-1
2009-02-24,5.34,5.34,5.02,5.06,123700,-0.28,0.32,-5.53,6.32,0.16,-1
2009-02-23,5.49,5.63,5.23,5.24,80400,-0.25,0.4,-4.77,7.63,0.2,-1
2009-02-20,5.6,5.76,5.4,5.46,116300,-0.14,0.36,-2.56,6.59,0.18,-1
2009-02-19,5.73,5.85,5.61,5.72,58000,-0.01,0.24,-0.17,4.2,0.12,1
2009-02-18,5.74,5.74,5.49,5.69,101200,-0.05,0.25,-0.88,4.39,0.12,-1
2009-02-17,6.05,6.21,5.49,5.7,86800,-0.35,0.72,-6.14,12.63,0.36,-1
2009-02-13,6.07,6.21,5.93,6.14,70800,0.07,0.28,1.14,4.56,0.14,1
2009-02-12,5.96,6.22,5.8,6.08,70300,0.12,0.42,1.97,6.91,0.21,1
2009-02-11,6.07,6.28,5.88,6.05,66900,-0.02,0.4,-0.33,6.61,0.2,1
2009-02-10,6.6,6.7,5.95,6.03,115700,-0.57,0.75,-9.45,12.44,0.38,-1
2009-02-09,6.57,6.75,6.49,6.66,108500,0.09,0.26,1.35,3.9,0.13,1
2009-02-06,6.48,7.04,6.3,6.57,157400,0.09,0.74,1.37,11.26,0.37,1
2009-02-05,6.13,6.61,6.06,6.47,82300,0.34,0.55,5.26,8.5,0.28,1
2009-02-04,6.5,6.5,6.04,6.17,95700,-0.33,0.46,-5.35,7.46,0.23,-1
2009-02-03,6.46,6.65,6.21,6.5,222300,0.04,0.44,0.62,6.77,0.22,-1
2009-02-02,6.55,6.6,6.27,6.51,194600,-0.04,0.33,-0.61,5.07,0.17,-1
2009-01-30,6.73,6.75,6.48,6.66,163300,-0.07,0.27,-1.05,4.05,0.13,1
2009-01-29,6.94,6.94,6.55,6.64,165300,-0.3,0.39,-4.52,5.87,0.2,-1
2009-01-28,6.83,7.08,6.76,7.07,136100,0.24,0.32,3.39,4.53,0.16,1
2009-01-27,6.67,6.73,6.23,6.7,85600,0.03,0.5,0.45,7.46,0.25,1
2009-01-26,6.72,6.96,6.46,6.63,226600,-0.09,0.5,-1.36,7.54,0.25,-1
2009-01-23,6.2,6.76,6.07,6.74,196700,0.54,0.69,8.01,10.24,0.34,1
2009-01-22,6.46,6.66,6.14,6.42,81400,-0.04,0.52,-0.62,8.1,0.26,-1
2009-01-21,6.35,6.65,6.13,6.62,190000,0.27,0.52,4.08,7.85,0.26,1
2009-01-20,7.05,7.15,6.2,6.25,154100,-0.8,0.95,-12.8,15.2,0.48,-1
2009-01-16,7.19,7.38,6.82,7.05,167000,-0.14,0.56,-1.99,7.94,0.28,-1
2009-01-15,6.51,7.2,6.3,7.17,174600,0.66,0.9,9.21,12.55,0.45,1
2009-01-14,7.37,7.38,6.36,6.42,222800,-0.95,1.02,-14.8,15.89,0.51,-1
2009-01-13,7.07,7.76,7.04,7.51,130100,0.44,0.72,5.86,9.59,0.36,1
2009-01-12,7.75,7.8,7.13,7.18,101700,-0.57,0.67,-7.94,9.33,0.34,-1
2009-01-09,8.54,8.54,7.75,7.79,87000,-0.75,0.79,-9.63,10.14,0.39,-1
2009-01-08,8.75,8.75,8.14,8.5,68400,-0.25,0.61,-2.94,7.18,0.3,-1
2009-01-07,9.0,9.0,8.23,8.75,139800,-0.25,0.77,-2.86,8.8,0.38,-1
2009-01-06,8.98,9.25,8.88,9.15,107400,0.17,0.37,1.86,4.04,0.18,1
2009-01-05,9.24,9.24,8.73,8.92,180500,-0.32,0.51,-3.59,5.72,0.25,-1
2009-01-02,8.72,9.55,8.56,9.07,136900,0.35,0.99,3.86,10.92,0.5,1
2008-12-31,8.96,9.11,8.6,8.77,175600,-0.19,0.51,-2.17,5.82,0.25,-1
2008-12-30,7.87,8.94,7.84,8.85,196700,0.98,1.1,11.07,12.43,0.55,1
2008-12-29,8.11,8.21,7.73,7.79,139000,-0.32,0.48,-4.11,6.16,0.24,-1
2008-12-26,7.84,8.34,7.84,8.16,93800,0.32,0.5,3.92,6.13,0.25,1
2008-12-24,7.78,8.0,7.59,7.77,139200,-0.01,0.41,-0.13,5.28,0.21,1
2008-12-23,7.74,7.92,7.41,7.65,185700,-0.09,0.51,-1.18,6.67,0.25,-1
2008-12-22,8.58,8.89,7.25,7.68,387100,-0.9,1.64,-11.72,21.35,0.82,-1
2008-12-19,7.62,9.07,7.39,9.07,446800,1.45,1.68,15.99,18.52,0.84,1
2008-12-18,7.02,7.97,6.82,7.29,416900,0.27,1.15,3.7,15.78,0.57,1
2008-12-17,6.33,6.98,6.21,6.82,149900,0.49,0.77,7.18,11.29,0.39,1
2008-12-16,5.43,6.64,5.36,6.54,315800,1.11,1.28,16.97,19.57,0.64,1
2008-12-15,5.2,5.47,5.1,5.32,503700,0.12,0.37,2.26,6.95,0.19,1
2008-12-12,4.55,5.26,4.48,5.26,334000,0.71,0.78,13.5,14.83,0.39,1
2008-12-11,5.67,5.67,4.58,4.81,281600,-0.86,1.09,-17.88,22.66,0.54,-1
2008-12-10,6.46,6.85,5.54,5.67,325900,-0.79,1.31,-13.93,23.1,0.65,-1
2008-12-09,6.55,7.26,6.23,6.62,303900,0.07,1.03,1.06,15.56,0.51,1
2008-12-08,6.39,6.71,6.04,6.5,338600,0.11,0.67,1.69,10.31,0.34,1
2008-12-05,5.79,6.26,5.65,6.14,396200,0.35,0.61,5.7,9.93,0.3,1
2008-12-04,5.89,6.05,5.64,5.84,314500,-0.05,0.41,-0.86,7.02,0.21,-1
2008-12-03,5.77,6.06,5.73,5.93,406400,0.16,0.33,2.7,5.56,0.16,1
2008-12-02,5.52,5.93,5.41,5.92,234000,0.4,0.52,6.76,8.78,0.26,1
2008-12-01,5.94,6.04,5.44,5.47,535000,-0.47,0.6,-8.59,10.97,0.3,-1
2008-11-28,5.7,6.14,5.7,6.0,201700,0.3,0.44,5.0,7.33,0.22,1
2008-11-26,5.56,5.74,5.4,5.64,357200,0.08,0.34,1.42,6.03,0.17,-1
2008-11-25,5.9,5.98,5.57,5.68,323700,-0.22,0.41,-3.87,7.22,0.21,-1
2008-11-24,6.17,6.17,5.54,5.76,588700,-0.41,0.63,-7.12,10.94,0.31,-1
2008-11-21,7.04,7.04,5.73,5.93,315600,-1.11,1.31,-18.72,22.09,0.65,-1
2008-11-20,7.75,7.92,6.84,6.89,144400,-0.86,1.08,-12.48,15.67,0.54,-1
2008-11-19,8.97,9.06,7.8,7.8,141100,-1.17,1.26,-15.0,16.15,0.63,-1
2008-11-18,8.79,9.11,8.48,9.0,242300,0.21,0.63,2.33,7.0,0.31,1
2008-11-17,8.96,9.2,8.65,8.79,145000,-0.17,0.55,-1.93,6.26,0.27,-1
2008-11-14,10.0,10.0,8.81,8.96,392600,-1.04,1.19,-11.61,13.28,0.59,-1
2008-11-13,9.7,10.13,8.8,10.08,385500,0.38,1.33,3.77,13.19,0.66,1
2008-11-12,10.13,10.25,9.55,9.7,207400,-0.43,0.7,-4.43,7.22,0.35,-1
2008-11-11,10.91,11.02,10.23,10.44,156600,-0.47,0.79,-4.5,7.57,0.39,-1
2008-11-10,11.76,12.1,11.17,11.3,113400,-0.46,0.93,-4.07,8.23,0.46,-1
2008-11-07,12.06,12.25,11.59,11.77,78600,-0.29,0.66,-2.46,5.61,0.33,-1
2008-11-06,13.17,13.25,11.9,12.09,131800,-1.08,1.35,-8.93,11.17,0.67,-1
2008-11-05,13.2,13.46,13.01,13.19,130200,-0.01,0.45,-0.08,3.41,0.23,-1
2008-11-04,13.44,13.57,13.02,13.4,109300,-0.04,0.55,-0.3,4.1,0.28,1
2008-11-03,13.55,13.7,13.06,13.31,112000,-0.24,0.64,-1.8,4.81,0.32,-1
2008-10-31,12.61,13.79,12.45,13.47,228600,0.86,1.34,6.38,9.95,0.67,1
2008-10-30,12.39,12.71,12.07,12.6,278000,0.21,0.64,1.67,5.08,0.32,1
2008-10-29,11.62,12.4,11.41,11.75,262400,0.13,0.99,1.11,8.43,0.5,1
2008-10-28,11.66,11.68,11.15,11.6,269200,-0.06,0.53,-0.52,4.57,0.26,1
2008-10-27,12.22,12.23,11.45,11.45,194600,-0.77,0.78,-6.72,6.81,0.39,-1
2008-10-24,12.3,12.59,12.07,12.11,247700,-0.19,0.52,-1.57,4.29,0.26,-1
2008-10-23,13.3,13.94,12.67,13.34,214300,0.04,1.27,0.3,9.52,0.63,-1
2008-10-22,13.33,13.85,13.09,13.43,201400,0.1,0.76,0.74,5.66,0.38,-1
2008-10-21,14.0,14.15,13.43,13.67,325600,-0.33,0.72,-2.41,5.27,0.36,-1
2008-10-20,14.42,14.42,13.61,13.81,271500,-0.61,0.81,-4.42,5.87,0.41,-1
2008-10-17,13.5,14.08,13.5,13.85,755200,0.35,0.58,2.53,4.19,0.29,-1
2008-10-16,14.25,14.65,13.61,14.03,372100,-0.22,1.04,-1.57,7.41,0.52,-1
2008-10-15,16.45,16.54,14.2,14.22,157400,-2.23,2.34,-15.68,16.46,1.17,-1
2008-10-14,16.99,17.53,15.65,16.48,180100,-0.51,1.88,-3.09,11.41,0.94,-1
2008-10-13,16.16,16.48,15.77,16.48,101600,0.32,0.71,1.94,4.31,0.36,1
2008-10-10,14.97,16.37,14.37,15.85,520200,0.88,2.0,5.55,12.62,1.0,-1
2008-10-09,19.23,19.25,14.85,15.92,319200,-3.31,4.4,-20.79,27.64,2.2,-1
2008-10-08,19.9,20.4,18.78,18.9,300100,-1.0,1.62,-5.29,8.57,0.81,-1
2008-10-07,22.1,22.24,20.0,20.25,207800,-1.85,2.24,-9.14,11.06,1.12,-1
2008-10-06,21.97,22.29,21.15,21.75,272100,-0.22,1.14,-1.01,5.24,0.57,-1
2008-10-03,24.92,25.23,22.66,22.69,154200,-2.23,2.57,-9.83,11.33,1.28,-1
2008-10-02,24.9,24.9,24.14,24.49,178900,-0.41,0.76,-1.67,3.1,0.38,-1
2008-10-01,25.71,25.87,24.72,24.9,180100,-0.81,1.15,-3.25,4.62,0.58,-1
2008-09-30,25.54,25.91,25.15,25.83,103900,0.29,0.76,1.12,2.94,0.38,1
2008-09-29,25.4,26.0,24.83,25.17,128400,-0.23,1.17,-0.91,4.65,0.59,-1
2008-09-26,25.21,25.96,25.21,25.76,76700,0.55,0.75,2.14,2.91,0.38,1
2008-09-25,25.26,26.15,25.26,25.63,80900,0.37,0.89,1.44,3.47,0.44,1
2008-09-24,26.63,27.05,25.16,25.35,139100,-1.28,1.89,-5.05,7.46,0.95,-1
2008-09-23,26.96,27.82,26.25,26.48,265400,-0.48,1.57,-1.81,5.93,0.79,1
2008-09-22,27.9,28.2,26.3,26.37,175800,-1.53,1.9,-5.8,7.21,0.95,-1
2008-09-19,29.0,29.02,26.93,28.24,404000,-0.76,2.09,-2.69,7.4,1.04,1
2008-09-18,25.08,26.57,24.77,26.57,282400,1.49,1.8,5.61,6.77,0.9,1
2008-09-17,25.06,25.39,24.38,24.46,201300,-0.6,1.01,-2.45,4.13,0.51,-1
2008-09-16,24.27,25.5,24.27,25.41,201200,1.14,1.23,4.49,4.84,0.62,1
2008-09-15,24.0,25.55,24.0,24.68,99300,0.68,1.55,2.76,6.28,0.78,-1
2008-09-12,25.65,25.99,24.42,24.9,140800,-0.75,1.57,-3.01,6.31,0.78,-1
2008-09-11,24.56,26.0,24.03,25.9,285100,1.34,1.97,5.17,7.61,0.98,1
2008-09-10,23.92,25.75,23.74,24.92,416400,1.0,2.01,4.01,8.07,1.01,1
2008-09-09,24.44,24.63,23.0,23.0,443500,-1.44,1.63,-6.26,7.09,0.81,-1
2008-09-08,25.06,25.63,24.06,24.26,342900,-0.8,1.57,-3.3,6.47,0.79,-1
2008-09-05,24.48,24.57,23.97,24.37,142000,-0.11,0.6,-0.45,2.46,0.3,-1
2008-09-04,24.59,24.94,24.15,24.48,216700,-0.11,0.79,-0.45,3.23,0.4,-1
2008-09-03,23.95,25.01,23.83,24.96,211300,1.01,1.18,4.05,4.73,0.59,1
2008-09-02,23.5,24.67,23.34,24.0,177000,0.5,1.33,2.08,5.54,0.67,1
2008-08-29,22.85,23.35,22.38,22.85,135700,0.0,0.97,0.0,4.25,0.49,-1
2008-08-28,22.31,23.37,22.0,22.89,142700,0.58,1.37,2.53,5.99,0.69,1
2008-08-27,21.62,22.64,21.45,22.21,101600,0.59,1.19,2.66,5.36,0.6,1
2008-08-26,22.22,22.22,20.58,21.66,326000,-0.56,1.64,-2.59,7.57,0.82,-1
2008-08-25,23.5,23.5,21.75,22.22,227500,-1.28,1.75,-5.76,7.88,0.88,-1
2008-08-22,23.38,23.81,22.86,23.53,126100,0.15,0.95,0.64,4.04,0.47,1
2008-08-21,23.5,23.6,22.8,23.36,95100,-0.14,0.8,-0.6,3.42,0.4,-1
2008-08-20,23.6,24.18,23.16,23.79,127200,0.19,1.02,0.8,4.29,0.51,1
2008-08-19,24.38,24.38,23.33,23.47,189200,-0.91,1.05,-3.88,4.47,0.53,-1
2008-08-18,24.55,25.1,24.03,24.74,130400,0.19,1.07,0.77,4.32,0.54,1
2008-08-15,24.65,25.38,24.01,24.45,249200,-0.2,1.37,-0.82,5.6,0.68,-1
2008-08-14,24.25,25.67,24.16,25.44,110600,1.19,1.51,4.68,5.94,0.76,1
2008-08-13,24.56,24.88,24.02,24.47,69400,-0.09,0.86,-0.37,3.51,0.43,-1
2008-08-12,24.69,25.06,24.35,24.51,147700,-0.18,0.71,-0.73,2.9,0.35,1
2008-08-11,23.38,25.48,23.38,24.47,170000,1.09,2.1,4.45,8.58,1.05,1
2008-08-08,21.93,23.94,21.93,23.63,186000,1.7,2.01,7.19,8.51,1.01,1
2008-08-07,21.11,21.9,20.83,21.9,188100,0.79,1.07,3.61,4.89,0.54,1
2008-08-06,21.27,21.46,20.86,21.25,82600,-0.02,0.6,-0.09,2.82,0.3,-1
2008-08-05,20.95,21.57,20.7,21.28,172000,0.33,0.87,1.55,4.09,0.44,1
2008-08-04,21.38,21.54,19.47,20.61,133500,-0.77,2.07,-3.74,10.04,1.04,-1
2008-08-01,21.23,21.7,20.74,21.3,88300,0.07,0.96,0.33,4.51,0.48,1
2008-07-31,21.23,21.56,20.95,21.04,80500,-0.19,0.61,-0.9,2.9,0.3,-1
2008-07-30,21.7,22.17,21.09,21.43,80600,-0.27,1.08,-1.26,5.04,0.54,-1
2008-07-29,21.22,22.09,21.06,21.63,76100,0.41,1.03,1.9,4.76,0.52,1
2008-07-28,22.03,22.03,20.56,21.09,148800,-0.94,1.47,-4.46,6.97,0.74,-1
2008-07-25,22.37,22.87,22.02,22.1,95600,-0.27,0.85,-1.22,3.85,0.43,-1
2008-07-24,23.44,23.54,21.94,22.18,123300,-1.26,1.6,-5.68,7.21,0.8,-1
2008-07-23,22.53,24.06,22.53,23.29,166100,0.76,1.53,3.26,6.57,0.76,1
2008-07-22,20.77,22.69,20.68,22.64,165000,1.87,2.01,8.26,8.88,1.01,1
2008-07-21,20.4,21.26,20.4,20.96,100300,0.56,0.86,2.67,4.1,0.43,1
2008-07-18,20.54,20.76,19.72,20.36,101700,-0.18,1.04,-0.88,5.11,0.52,-1
2008-07-17,19.64,20.55,19.14,20.54,197800,0.9,1.41,4.38,6.86,0.7,1
2008-07-16,18.15,19.61,18.08,19.56,173400,1.41,1.53,7.21,7.82,0.77,1
2008-07-15,18.0,18.79,17.76,18.09,293400,0.09,1.03,0.5,5.69,0.51,-1
2008-07-14,18.69,19.22,18.16,18.16,279100,-0.53,1.06,-2.92,5.84,0.53,-1
2008-07-11,17.58,18.69,17.4,18.58,193400,1.0,1.29,5.38,6.94,0.65,1
2008-07-10,18.42,18.92,17.62,17.89,118200,-0.53,1.3,-2.96,7.27,0.65,-1
2008-07-09,19.71,19.74,18.4,18.42,125600,-1.29,1.34,-7.0,7.27,0.67,-1
2008-07-08,18.42,19.87,18.42,19.71,213900,1.29,1.45,6.54,7.36,0.72,1
2008-07-07,19.31,19.37,18.43,18.43,124300,-0.88,0.94,-4.77,5.1,0.47,-1
2008-07-03,18.9,19.8,18.71,19.23,64600,0.33,1.09,1.72,5.67,0.54,1
2008-07-02,19.77,19.91,18.67,18.86,169300,-0.91,1.24,-4.83,6.57,0.62,-1
2008-07-01,19.09,20.0,19.07,19.83,111600,0.74,0.93,3.73,4.69,0.46,1
2008-06-30,19.55,19.79,19.15,19.15,134600,-0.4,0.64,-2.09,3.34,0.32,-1
2008-06-27,20.23,20.39,19.42,19.6,319500,-0.63,0.97,-3.21,4.95,0.48,-1
2008-06-26,21.17,21.17,20.11,20.18,99900,-0.99,1.06,-4.91,5.25,0.53,-1
2008-06-25,20.62,21.37,20.51,21.12,119800,0.5,0.86,2.37,4.07,0.43,1
2008-06-24,21.13,21.25,20.51,20.62,149000,-0.51,0.74,-2.47,3.59,0.37,-1
2008-06-23,21.31,21.64,21.1,21.2,84800,-0.11,0.54,-0.52,2.55,0.27,-1
2008-06-20,21.9,22.1,21.17,21.42,194400,-0.48,0.93,-2.24,4.34,0.46,-1
2008-06-19,21.93,22.1,21.57,21.99,95300,0.06,0.53,0.27,2.41,0.27,1
2008-06-18,21.78,21.96,21.08,21.69,182200,-0.09,0.88,-0.41,4.06,0.44,-1
2008-06-17,22.02,22.08,21.65,21.87,119400,-0.15,0.43,-0.69,1.97,0.21,-1
2008-06-16,21.88,22.11,21.84,22.0,196200,0.12,0.27,0.55,1.23,0.13,1
2008-06-13,22.0,22.17,21.62,21.92,186500,-0.08,0.55,-0.36,2.51,0.28,1
2008-06-12,23.1,23.25,21.18,21.83,580000,-1.27,2.07,-5.82,9.48,1.04,-1
2008-06-11,22.0,23.59,22.0,23.09,816000,1.09,1.59,4.72,6.89,0.8,1
2008-06-10,23.0,23.49,22.25,22.87,773700,-0.13,1.24,-0.57,5.42,0.62,-1
2008-06-09,23.43,23.89,23.14,23.31,283100,-0.12,0.75,-0.51,3.22,0.38,-1
2008-06-06,24.96,24.96,23.49,23.5,304900,-1.46,1.47,-6.21,6.26,0.74,-1
2008-06-05,25.87,26.09,24.8,24.99,228400,-0.88,1.29,-3.52,5.16,0.64,-1
2008-06-04,25.66,26.36,25.6,25.6,130200,-0.06,0.76,-0.23,2.97,0.38,-1
2008-06-03,26.1,26.26,25.18,25.72,102900,-0.38,1.08,-1.48,4.2,0.54,-1
2008-06-02,27.24,27.24,25.36,25.99,180500,-1.25,1.88,-4.81,7.23,0.94,-1
2008-05-30,27.23,27.45,26.29,27.34,128600,0.11,1.16,0.4,4.24,0.58,1
2008-05-29,26.62,27.87,26.62,27.29,69500,0.67,1.25,2.46,4.58,0.62,1
2008-05-28,25.78,27.37,25.6,26.83,187800,1.05,1.77,3.91,6.6,0.88,1
2008-05-27,26.0,26.13,25.32,25.57,136000,-0.43,0.81,-1.68,3.17,0.4,-1
2008-05-23,26.55,26.55,25.77,26.04,56600,-0.51,0.78,-1.96,3.0,0.39,-1
2008-05-22,26.09,26.89,25.75,26.62,116600,0.53,1.14,1.99,4.28,0.57,1
2008-05-21,27.68,27.74,25.75,25.86,207500,-1.82,1.99,-7.04,7.7,0.99,-1
2008-05-20,28.06,28.21,27.39,27.5,239100,-0.56,0.82,-2.04,2.98,0.41,-1
2008-05-19,29.46,29.46,28.06,28.15,316900,-1.31,1.4,-4.65,4.97,0.7,-1
2008-05-16,29.84,29.84,28.81,29.21,229000,-0.63,1.03,-2.16,3.53,0.52,-1
2008-05-15,29.48,29.76,29.07,29.57,110200,0.09,0.69,0.3,2.33,0.35,-1
2008-05-14,29.3,29.88,29.3,29.65,105800,0.35,0.58,1.18,1.96,0.29,1
2008-05-13,28.34,29.35,28.34,29.24,153100,0.9,1.01,3.08,3.45,0.51,1
2008-05-12,27.7,28.68,27.61,28.56,115000,0.86,1.07,3.01,3.75,0.54,1
2008-05-09,27.74,28.39,27.55,27.6,135600,-0.14,0.84,-0.51,3.04,0.42,-1
2008-05-08,27.78,28.15,26.57,27.7,110500,-0.08,1.58,-0.29,5.7,0.79,1
2008-05-07,28.1,28.5,27.53,27.67,95700,-0.43,0.97,-1.55,3.51,0.48,-1
2008-05-06,27.7,28.42,27.38,27.96,140200,0.26,1.04,0.93,3.72,0.52,1
2008-05-05,27.06,27.98,27.06,27.67,161600,0.61,0.92,2.2,3.32,0.46,1
2008-05-02,28.44,28.48,27.08,27.27,87300,-1.17,1.4,-4.29,5.13,0.7,-1
2008-05-01,27.88,28.65,27.51,28.26,105300,0.38,1.14,1.34,4.03,0.57,1
2008-04-30,27.81,28.26,27.5,27.79,195000,-0.02,0.76,-0.07,2.73,0.38,1
2008-04-29,27.52,27.74,27.31,27.67,95800,0.15,0.43,0.54,1.55,0.21,1
2008-04-28,26.91,27.55,26.77,27.36,97400,0.45,0.78,1.64,2.85,0.39,1
2008-04-25,26.71,27.12,25.59,27.02,116200,0.31,1.53,1.15,5.66,0.77,1
2008-04-24,26.45,26.65,26.07,26.52,146500,0.07,0.58,0.26,2.19,0.29,-1
2008-04-23,26.96,26.96,26.03,26.53,193200,-0.43,0.93,-1.62,3.51,0.46,-1
2008-04-22,27.21,27.32,26.61,26.86,133600,-0.35,0.71,-1.3,2.64,0.36,-1
2008-04-21,27.5,27.71,26.94,27.4,170000,-0.1,0.77,-0.36,2.81,0.38,-1
2008-04-18,27.35,27.81,27.21,27.5,156900,0.15,0.6,0.55,2.18,0.3,1
2008-04-17,26.38,27.27,26.28,27.1,264800,0.72,0.99,2.66,3.65,0.49,1
2008-04-16,26.66,26.8,26.1,26.45,151500,-0.21,0.7,-0.79,2.65,0.35,1
2008-04-15,25.81,26.44,25.6,26.44,126500,0.63,0.84,2.38,3.18,0.42,1
2008-04-14,26.05,26.29,25.52,25.88,146800,-0.17,0.77,-0.66,2.98,0.38,-1
2008-04-11,26.16,26.6,25.9,26.09,208300,-0.07,0.7,-0.27,2.68,0.35,-1
2008-04-10,25.8,26.6,25.45,26.41,144200,0.61,1.15,2.31,4.35,0.58,1
2008-04-09,26.7,26.98,25.64,25.76,210000,-0.94,1.34,-3.65,5.2,0.67,-1
2008-04-08,25.76,26.75,25.55,26.66,286100,0.9,1.2,3.38,4.5,0.6,1
2008-04-07,26.05,26.21,25.7,25.85,145600,-0.2,0.51,-0.77,1.97,0.26,-1
2008-04-04,25.89,26.21,25.37,25.89,192400,0.0,0.84,0.0,3.24,0.42,1
2008-04-03,25.29,26.12,25.24,25.82,220400,0.53,0.88,2.05,3.41,0.44,1
2008-04-02,24.38,25.67,24.38,25.51,288000,1.13,1.29,4.43,5.06,0.65,1
2008-04-01,24.9,26.75,24.04,24.74,588600,-0.16,2.71,-0.65,10.95,1.36,1
2008-03-31,22.48,22.92,22.0,22.53,274800,0.05,0.92,0.22,4.08,0.46,1
2008-03-28,23.0,23.0,22.3,22.36,214500,-0.64,0.7,-2.86,3.13,0.35,-1
2008-03-27,23.2,23.62,22.99,23.07,160100,-0.13,0.63,-0.56,2.73,0.32,-1
2008-03-26,23.38,23.67,22.65,23.13,366700,-0.25,1.02,-1.08,4.41,0.51,-1
2008-03-25,23.87,24.22,23.04,23.52,118600,-0.35,1.18,-1.49,5.02,0.59,-1
2008-03-24,23.19,24.4,23.19,23.8,172300,0.61,1.21,2.56,5.08,0.6,1
2008-03-20,22.5,23.36,22.25,23.08,493600,0.58,1.11,2.51,4.81,0.55,1
2008-03-19,22.53,23.24,21.97,21.97,122500,-0.56,1.27,-2.55,5.78,0.63,-1
2008-03-18,22.45,22.68,21.97,22.35,120400,-0.1,0.71,-0.45,3.18,0.36,1
2008-03-17,21.2,22.76,21.2,22.19,140400,0.99,1.56,4.46,7.03,0.78,1
2008-03-14,22.48,22.48,21.3,21.68,104100,-0.8,1.18,-3.69,5.44,0.59,-1
2008-03-13,21.72,22.55,21.32,22.39,182400,0.67,1.23,2.99,5.49,0.62,1
2008-03-12,21.5,22.56,21.36,21.96,112500,0.46,1.2,2.09,5.46,0.6,1
2008-03-11,21.12,21.62,20.75,21.37,117600,0.25,0.87,1.17,4.07,0.44,1
2008-03-10,20.99,20.99,20.1,20.5,177800,-0.49,0.89,-2.39,4.34,0.44,-1
2008-03-07,20.12,21.15,20.12,20.91,165200,0.79,1.03,3.78,4.93,0.51,1
2008-03-06,21.21,21.21,20.25,20.29,159200,-0.92,0.96,-4.53,4.73,0.48,-1
2008-03-05,21.02,21.37,20.61,21.28,246600,0.26,0.76,1.22,3.57,0.38,1
2008-03-04,20.6,21.3,20.22,20.96,232500,0.36,1.08,1.72,5.15,0.54,1
2008-03-03,21.12,21.25,20.54,20.82,223300,-0.3,0.71,-1.44,3.41,0.36,-1
2008-02-29,21.09,21.52,20.86,21.14,188000,0.05,0.66,0.24,3.12,0.33,-1
2008-02-28,21.65,21.8,21.15,21.47,107500,-0.18,0.65,-0.84,3.03,0.33,-1
2008-02-27,21.33,22.12,21.25,21.69,68500,0.36,0.87,1.66,4.01,0.44,1
2008-02-26,21.34,22.0,21.29,21.56,86800,0.22,0.71,1.02,3.29,0.36,1
2008-02-25,20.95,21.64,20.71,21.43,130100,0.48,0.93,2.24,4.34,0.46,1
2008-02-22,20.76,21.14,20.4,20.86,146700,0.1,0.74,0.48,3.55,0.37,1
2008-02-21,21.26,21.57,20.62,20.73,153200,-0.53,0.95,-2.56,4.58,0.47,-1
2008-02-20,20.44,21.21,20.29,21.15,167100,0.71,0.92,3.36,4.35,0.46,1
2008-02-19,21.21,21.21,20.15,20.61,111300,-0.6,1.06,-2.91,5.14,0.53,-1
2008-02-15,20.52,21.07,20.48,20.94,153900,0.42,0.59,2.01,2.82,0.29,1
2008-02-14,21.53,21.53,20.14,20.68,295100,-0.85,1.39,-4.11,6.72,0.7,-1
2008-02-13,21.73,22.07,20.93,21.56,164300,-0.17,1.14,-0.79,5.29,0.57,-1
2008-02-12,21.57,21.89,21.18,21.58,194700,0.01,0.71,0.05,3.29,0.36,1
2008-02-11,21.49,21.87,20.98,21.44,209600,-0.05,0.89,-0.23,4.15,0.45,-1
2008-02-08,21.58,21.97,21.21,21.57,212000,-0.01,0.76,-0.05,3.52,0.38,-1
2008-02-07,21.39,22.18,21.17,21.61,367400,0.22,1.01,1.02,4.67,0.5,1
2008-02-06,20.6,22.36,20.46,21.55,562100,0.95,1.9,4.41,8.82,0.95,-1
2008-02-05,22.75,23.64,22.49,22.97,165000,0.22,1.15,0.96,5.01,0.58,-1
2008-02-04,23.2,23.3,22.32,23.05,143900,-0.15,0.98,-0.65,4.25,0.49,-1
2008-02-01,23.01,23.25,22.38,23.22,209200,0.21,0.87,0.9,3.75,0.44,1
2008-01-31,22.31,22.96,21.99,22.61,354800,0.3,0.97,1.33,4.29,0.49,1
2008-01-30,22.22,23.06,22.14,22.34,250000,0.12,0.92,0.54,4.12,0.46,-1
2008-01-29,22.33,22.47,21.69,22.39,136000,0.06,0.78,0.27,3.48,0.39,1
2008-01-28,22.05,22.27,21.67,22.15,221600,0.1,0.6,0.45,2.71,0.3,1
2008-01-25,23.02,23.25,21.94,22.11,265500,-0.91,1.31,-4.12,5.92,0.65,-1
2008-01-24,22.41,23.11,22.41,22.8,325700,0.39,0.7,1.71,3.07,0.35,1
2008-01-23,20.41,22.62,20.25,22.26,393400,1.85,2.37,8.31,10.65,1.19,1
2008-01-22,19.79,21.43,19.77,20.97,393900,1.18,1.66,5.63,7.92,0.83,1
2008-01-18,21.24,21.33,20.53,20.88,262600,-0.36,0.8,-1.72,3.83,0.4,-1
2008-01-17,21.25,21.63,21.09,21.27,219900,0.02,0.54,0.09,2.54,0.27,1
2008-01-16,21.29,21.81,21.16,21.25,275700,-0.04,0.65,-0.19,3.06,0.32,-1
2008-01-15,21.5,21.63,20.9,21.31,260600,-0.19,0.73,-0.89,3.43,0.37,-1
2008-01-14,21.81,22.14,21.6,21.89,121200,0.08,0.54,0.37,2.47,0.27,1
2008-01-11,22.18,22.34,21.52,21.69,229600,-0.49,0.82,-2.26,3.78,0.41,-1
2008-01-10,22.12,22.55,21.59,22.39,349700,0.27,0.96,1.21,4.29,0.48,-1
2008-01-09,21.82,24.2,21.52,22.46,752800,0.64,2.68,2.85,11.93,1.34,1
2008-01-08,22.8,23.14,21.4,21.46,370900,-1.34,1.74,-6.24,8.11,0.87,-1
2008-01-07,22.99,23.15,22.17,22.77,381800,-0.22,0.98,-0.97,4.3,0.49,-1
2008-01-04,23.0,23.32,22.11,23.0,356800,0.0,1.21,0.0,5.26,0.61,-1
2008-01-03,25.24,26.2,23.55,23.58,397800,-1.66,2.65,-7.04,11.24,1.32,-1
2008-01-02,25.69,26.11,25.07,25.42,236700,-0.27,1.04,-1.06,4.09,0.52,-1
2007-12-31,26.19,26.34,25.14,25.77,148400,-0.42,1.2,-1.63,4.66,0.6,-1
2007-12-28,25.78,26.7,25.78,26.36,97800,0.58,0.92,2.2,3.49,0.46,1
2007-12-27,26.25,26.64,25.6,25.78,82700,-0.47,1.04,-1.82,4.03,0.52,-1
2007-12-26,27.33,27.33,25.84,26.46,188300,-0.87,1.49,-3.29,5.63,0.74,-1
2007-12-24,26.67,27.96,26.54,27.55,171000,0.88,1.42,3.19,5.15,0.71,1
2007-12-21,25.05,27.04,24.87,26.88,577300,1.83,2.17,6.81,8.07,1.08,1
2007-12-20,24.26,25.0,24.15,24.71,195500,0.45,0.85,1.82,3.44,0.43,1
2007-12-19,23.15,24.83,22.95,24.48,283200,1.33,1.88,5.43,7.68,0.94,1
2007-12-18,22.22,23.3,22.22,23.15,196500,0.93,1.08,4.02,4.67,0.54,1
2007-12-17,22.39,22.53,21.46,22.15,322300,-0.24,1.07,-1.08,4.83,0.54,-1
2007-12-14,23.51,23.59,22.18,22.48,371800,-1.03,1.41,-4.58,6.27,0.7,-1
2007-12-13,22.97,23.96,22.75,23.82,147500,0.85,1.21,3.57,5.08,0.61,1
2007-12-12,23.74,23.74,22.7,23.15,393100,-0.59,1.04,-2.55,4.49,0.52,1
2007-12-11,24.27,24.56,23.0,23.14,144300,-1.13,1.56,-4.88,6.74,0.78,-1
2007-12-10,23.88,24.24,23.7,24.16,98800,0.28,0.54,1.16,2.24,0.27,1
2007-12-07,24.18,24.29,23.57,23.87,94100,-0.31,0.72,-1.3,3.02,0.36,-1
2007-12-06,23.32,24.1,23.04,24.06,101700,0.74,1.06,3.08,4.41,0.53,1
2007-12-05,23.51,23.84,22.97,23.32,151400,-0.19,0.87,-0.81,3.73,0.44,1
2007-12-04,23.72,23.83,22.88,23.24,176300,-0.48,0.95,-2.07,4.09,0.47,-1
2007-12-03,24.66,24.76,23.9,23.96,191400,-0.7,0.86,-2.92,3.59,0.43,-1
2007-11-30,25.6,26.07,24.59,24.77,183900,-0.83,1.48,-3.35,5.97,0.74,-1
2007-11-29,25.88,26.21,25.12,25.21,98400,-0.67,1.09,-2.66,4.32,0.54,-1
2007-11-28,25.21,26.25,25.2,26.02,388100,0.81,1.05,3.11,4.04,0.53,1
2007-11-27,24.34,25.65,24.33,24.98,263100,0.64,1.32,2.56,5.28,0.66,1
2007-11-26,25.65,25.67,24.25,24.32,197600,-1.33,1.42,-5.47,5.84,0.71,-1
2007-11-23,24.8,26.07,24.79,25.71,73000,0.91,1.28,3.54,4.98,0.64,1
2007-11-21,24.6,25.32,24.47,24.59,111300,-0.01,0.85,-0.04,3.46,0.43,-1
2007-11-20,25.0,26.28,24.1,24.71,312500,-0.29,2.18,-1.17,8.82,1.09,-1
2007-11-19,25.44,25.53,24.52,25.04,236700,-0.4,1.01,-1.6,4.03,0.51,-1
2007-11-16,26.35,26.4,25.12,25.65,120300,-0.7,1.28,-2.73,4.99,0.64,-1
2007-11-15,26.31,26.74,26.1,26.33,238600,0.02,0.64,0.08,2.43,0.32,-1
2007-11-14,27.4,27.47,26.36,26.65,261900,-0.75,1.11,-2.81,4.17,0.55,-1
2007-11-13,26.15,27.5,25.97,27.3,302100,1.15,1.53,4.21,5.6,0.77,1
2007-11-12,25.31,26.64,25.31,25.97,438600,0.66,1.33,2.54,5.12,0.67,1
2007-11-09,24.32,25.81,24.07,25.44,418300,1.12,1.74,4.4,6.84,0.87,1
2007-11-08,23.35,24.79,23.35,24.64,521200,1.29,1.44,5.24,5.84,0.72,1
2007-11-07,23.66,23.84,22.48,23.19,491000,-0.47,1.36,-2.03,5.86,0.68,-1
2007-11-06,24.46,24.55,23.6,23.98,226900,-0.48,0.95,-2.0,3.96,0.47,-1
2007-11-05,24.62,24.92,24.42,24.42,288500,-0.2,0.5,-0.82,2.05,0.25,-1
2007-11-02,25.06,25.16,24.5,24.99,303900,-0.07,0.66,-0.28,2.64,0.33,1
2007-11-01,25.69,25.69,24.79,24.87,300600,-0.82,0.9,-3.3,3.62,0.45,-1
2007-10-31,25.4,26.25,25.4,25.91,248700,0.51,0.85,1.97,3.28,0.43,1
2007-10-30,26.0,26.17,25.25,25.32,138500,-0.68,0.92,-2.69,3.63,0.46,-1
2007-10-29,26.06,26.24,25.6,26.15,259100,0.09,0.64,0.34,2.45,0.32,1
2007-10-26,25.65,26.1,25.31,26.03,226900,0.38,0.79,1.46,3.03,0.4,1
2007-10-25,25.06,25.56,24.98,25.45,264300,0.39,0.58,1.53,2.28,0.29,1
2007-10-24,25.36,25.49,24.6,25.06,303800,-0.3,0.89,-1.2,3.55,0.44,-1
2007-10-23,24.9,25.52,24.81,25.5,452600,0.6,0.71,2.35,2.78,0.36,1
2007-10-22,24.55,24.88,24.1,24.61,299100,0.06,0.78,0.24,3.17,0.39,1
2007-10-19,23.66,24.9,23.66,24.47,481800,0.81,1.24,3.31,5.07,0.62,1
2007-10-18,25.05,25.11,24.18,24.39,655400,-0.66,0.93,-2.71,3.81,0.46,-1
2007-10-17,24.35,25.3,24.35,25.15,702000,0.8,0.95,3.18,3.78,0.47,1
2007-10-16,24.85,24.97,23.74,24.15,406100,-0.7,1.23,-2.9,5.09,0.62,-1
2007-10-15,25.7,25.85,24.81,25.0,368300,-0.7,1.04,-2.8,4.16,0.52,-1
2007-10-12,26.0,26.54,25.63,25.7,469100,-0.3,0.91,-1.17,3.54,0.46,-1
2007-10-11,27.5,27.5,25.81,26.05,992200,-1.45,1.69,-5.57,6.49,0.85,-1
2007-10-10,28.54,28.54,27.07,27.44,759100,-1.1,1.47,-4.01,5.36,0.73,-1
2007-10-09,33.0,33.0,27.66,28.4,1964400,-4.6,5.34,-16.2,18.8,2.67,-1
2007-10-08,35.8,36.53,35.58,36.25,197900,0.45,0.95,1.24,2.62,0.48,1
2007-10-05,35.5,35.97,35.1,35.79,160900,0.29,0.87,0.81,2.43,0.43,1
2007-10-04,36.01,36.31,34.87,35.19,121500,-0.82,1.44,-2.33,4.09,0.72,-1
2007-10-03,37.09,37.14,35.67,35.94,156600,-1.15,1.47,-3.2,4.09,0.73,-1
2007-10-02,37.46,37.51,36.75,37.27,128700,-0.19,0.76,-0.51,2.04,0.38,-1
2007-10-01,36.2,38.4,36.02,37.46,195700,1.26,2.38,3.36,6.35,1.19,1
2007-09-28,36.65,36.76,35.98,36.12,102500,-0.53,0.78,-1.47,2.16,0.39,-1
2007-09-27,36.52,36.75,35.9,36.66,87200,0.14,0.85,0.38,2.32,0.43,1
2007-09-26,36.6,37.21,36.29,36.42,111500,-0.18,0.92,-0.49,2.53,0.46,-1
2007-09-25,36.9,36.9,35.88,36.44,101300,-0.46,1.02,-1.26,2.8,0.51,-1
2007-09-24,37.05,37.37,36.54,37.02,143200,-0.03,0.83,-0.08,2.24,0.41,-1
2007-09-21,36.44,38.0,36.1,37.02,238300,0.58,1.9,1.57,5.13,0.95,1
2007-09-20,36.05,36.27,35.62,36.1,275000,0.05,0.65,0.14,1.8,0.33,-1
2007-09-19,34.46,36.64,34.46,36.21,344900,1.75,2.18,4.83,6.02,1.09,1
2007-09-18,33.51,34.14,33.04,34.1,361600,0.59,1.1,1.73,3.23,0.55,1
2007-09-17,34.2,34.28,33.1,33.4,251300,-0.8,1.18,-2.4,3.53,0.59,-1
2007-09-14,33.7,34.47,33.17,34.25,149500,0.55,1.3,1.61,3.8,0.65,1
2007-09-13,34.14,34.5,33.48,33.9,219600,-0.24,1.02,-0.71,3.01,0.51,-1
2007-09-12,35.0,35.0,34.01,34.1,229700,-0.9,0.99,-2.64,2.9,0.5,-1
2007-09-11,35.22,35.33,34.82,35.1,149800,-0.12,0.51,-0.34,1.45,0.25,-1
2007-09-10,34.26,35.24,33.45,35.11,268600,0.85,1.79,2.42,5.1,0.89,1
2007-09-07,34.74,34.85,33.84,34.18,145600,-0.56,1.01,-1.64,2.95,0.5,-1
2007-09-06,35.22,35.3,34.38,35.25,146600,0.03,0.92,0.09,2.61,0.46,1
2007-09-05,36.17,36.3,34.35,35.2,356700,-0.97,1.95,-2.76,5.54,0.97,-1
2007-09-04,36.05,36.98,36.0,36.47,116800,0.42,0.98,1.15,2.69,0.49,1
2007-08-31,36.45,36.5,35.9,36.22,85500,-0.23,0.6,-0.64,1.66,0.3,1
2007-08-30,36.15,36.52,35.6,36.06,167200,-0.09,0.92,-0.25,2.55,0.46,-1
2007-08-29,36.07,36.69,35.41,36.52,106500,0.45,1.28,1.23,3.5,0.64,1
2007-08-28,36.19,36.26,35.43,35.93,153400,-0.26,0.83,-0.72,2.31,0.41,-1
2007-08-27,37.4,37.5,36.33,36.36,92700,-1.04,1.17,-2.86,3.22,0.59,-1
2007-08-24,37.2,37.73,36.76,37.53,110300,0.33,0.97,0.88,2.58,0.48,1
2007-08-23,38.38,38.74,37.17,37.26,93200,-1.12,1.57,-3.01,4.21,0.79,-1
2007-08-22,38.4,38.75,38.05,38.28,101200,-0.12,0.7,-0.31,1.83,0.35,1
2007-08-21,38.88,38.95,37.63,38.14,80700,-0.74,1.32,-1.94,3.46,0.66,-1
2007-08-20,38.83,39.09,38.07,38.88,66000,0.05,1.02,0.13,2.62,0.51,1
2007-08-17,39.8,40.5,38.46,38.74,183900,-1.06,2.04,-2.74,5.27,1.02,1
2007-08-16,36.21,38.46,35.18,38.35,267000,2.14,3.28,5.58,8.55,1.64,1
2007-08-15,38.09,38.25,36.31,36.34,143800,-1.75,1.94,-4.82,5.34,0.97,-1
2007-08-14,39.28,39.7,38.08,38.09,186600,-1.19,1.62,-3.12,4.25,0.81,-1
2007-08-13,39.95,40.57,38.94,39.28,244000,-0.67,1.63,-1.71,4.15,0.82,-1
2007-08-10,36.6,39.9,36.11,39.84,390100,3.24,3.79,8.13,9.51,1.89,1
2007-08-09,37.5,37.5,36.03,37.0,546800,-0.5,1.47,-1.35,3.97,0.73,-1
2007-08-08,39.5,39.71,36.57,38.25,384400,-1.25,3.14,-3.27,8.21,1.57,-1
2007-08-07,39.23,39.44,38.21,39.13,222200,-0.1,1.23,-0.26,3.14,0.61,-1
2007-08-06,38.4,39.62,37.4,39.38,169500,0.98,2.22,2.49,5.64,1.11,1
2007-08-03,40.15,40.49,38.13,38.3,233400,-1.85,2.36,-4.83,6.16,1.18,-1
2007-08-02,40.4,40.89,39.72,40.2,267300,-0.2,1.17,-0.5,2.91,0.59,-1
2007-08-01,40.5,41.38,40.23,40.9,367800,0.4,1.15,0.98,2.81,0.58,1
2007-07-31,41.9,42.24,40.18,40.4,218000,-1.5,2.06,-3.71,5.1,1.03,-1
2007-07-30,41.5,42.43,40.91,42.31,144600,0.81,1.52,1.91,3.59,0.76,1
2007-07-27,41.53,42.69,40.84,41.51,198000,-0.02,1.85,-0.05,4.46,0.92,-1
2007-07-26,42.0,42.1,40.44,41.59,173700,-0.41,1.66,-0.99,3.99,0.83,-1
2007-07-25,42.37,42.43,42.0,42.33,176900,-0.04,0.43,-0.09,1.02,0.21,1
2007-07-24,42.55,42.7,42.03,42.21,164100,-0.34,0.67,-0.81,1.59,0.34,-1
2007-07-23,42.75,43.75,42.61,42.89,137200,0.14,1.14,0.33,2.66,0.57,1
2007-07-20,42.43,42.65,41.42,42.48,226600,0.05,1.23,0.12,2.9,0.61,-1
2007-07-19,42.66,42.8,42.53,42.58,111100,-0.08,0.27,-0.19,0.63,0.13,-1
2007-07-18,42.76,42.84,42.43,42.6,198400,-0.16,0.41,-0.38,0.96,0.21,-1
2007-07-17,42.57,43.09,42.57,42.83,257000,0.26,0.52,0.61,1.21,0.26,1
2007-07-16,43.47,43.63,42.61,42.65,209500,-0.82,1.02,-1.92,2.39,0.51,-1
2007-07-13,43.81,44.0,43.63,43.7,125400,-0.11,0.37,-0.25,0.85,0.18,-1
2007-07-12,43.85,44.31,43.64,43.81,166800,-0.04,0.67,-0.09,1.53,0.34,1
2007-07-11,43.37,43.87,43.3,43.65,125900,0.28,0.57,0.64,1.31,0.29,1
2007-07-10,44.65,44.9,43.38,43.42,189200,-1.23,1.52,-2.83,3.5,0.76,-1
2007-07-09,45.9,45.9,44.69,44.78,118000,-1.12,1.21,-2.5,2.7,0.61,-1
2007-07-06,45.34,46.01,45.15,45.95,94200,0.61,0.86,1.33,1.87,0.43,1
2007-07-05,45.47,45.55,45.03,45.43,89700,-0.04,0.52,-0.09,1.14,0.26,1
2007-07-03,45.1,45.68,44.92,45.3,114900,0.2,0.76,0.44,1.68,0.38,1
2007-07-02,44.51,45.26,44.27,45.05,162400,0.54,0.99,1.2,2.2,0.49,1
2007-06-29,45.07,45.5,44.2,44.34,118700,-0.73,1.3,-1.65,2.93,0.65,-1
2007-06-28,45.05,45.77,44.8,44.89,190200,-0.16,0.97,-0.36,2.16,0.49,-1
2007-06-27,43.42,44.99,43.13,44.91,136300,1.49,1.86,3.32,4.14,0.93,1
2007-06-26,44.95,45.0,43.58,43.67,110500,-1.28,1.42,-2.93,3.25,0.71,-1
2007-06-25,45.3,45.59,44.45,44.78,178800,-0.52,1.14,-1.16,2.55,0.57,-1
2007-06-22,45.29,45.57,44.5,45.48,220000,0.19,1.07,0.42,2.35,0.54,1
2007-06-21,45.27,45.88,44.95,45.29,88300,0.02,0.93,0.04,2.05,0.46,-1
2007-06-20,45.73,46.34,45.43,45.51,117400,-0.22,0.91,-0.48,2.0,0.46,-1
2007-06-19,44.85,45.92,44.85,45.7,143300,0.85,1.07,1.86,2.34,0.54,1
2007-06-18,45.07,45.48,44.95,45.06,143600,-0.01,0.53,-0.02,1.18,0.26,-1
2007-06-15,44.99,45.68,44.9,45.09,157400,0.1,0.78,0.22,1.73,0.39,1
2007-06-14,44.23,44.59,43.73,44.43,129400,0.2,0.86,0.45,1.94,0.43,1
2007-06-13,43.4,44.45,43.4,44.24,138800,0.84,1.05,1.9,2.37,0.53,1
2007-06-12,44.2,44.21,43.01,43.23,160800,-0.97,1.2,-2.24,2.78,0.6,-1
2007-06-11,44.7,44.7,43.79,44.35,166700,-0.35,0.91,-0.79,2.05,0.46,-1
2007-06-08,42.8,45.03,42.69,44.83,267700,2.03,2.34,4.53,5.22,1.17,1
2007-06-07,42.25,43.36,41.9,42.88,294200,0.63,1.46,1.47,3.4,0.73,1
2007-06-06,43.16,44.5,42.08,42.34,442800,-0.82,2.42,-1.94,5.72,1.21,-1
2007-06-05,45.4,45.5,44.0,44.2,351100,-1.2,1.5,-2.71,3.39,0.75,-1
2007-06-04,45.6,46.04,44.88,45.72,347900,0.12,1.16,0.26,2.54,0.58,-1
2007-06-01,45.65,46.38,45.65,45.98,248600,0.33,0.73,0.72,1.59,0.37,1
2007-05-31,45.5,45.63,45.07,45.53,200000,0.03,0.56,0.07,1.23,0.28,1
2007-05-30,44.85,45.57,44.61,45.38,72000,0.53,0.96,1.17,2.12,0.48,1
2007-05-29,44.5,45.49,44.46,45.08,83100,0.58,1.03,1.29,2.28,0.52,1
2007-05-25,44.33,44.69,44.02,44.38,76800,0.05,0.67,0.11,1.51,0.33,1
2007-05-24,45.02,45.39,44.03,44.23,77000,-0.79,1.36,-1.79,3.07,0.68,-1
2007-05-23,45.78,46.04,44.95,45.11,76300,-0.67,1.09,-1.49,2.42,0.54,-1
2007-05-22,45.4,45.85,45.25,45.74,105100,0.34,0.6,0.74,1.31,0.3,1
2007-05-21,45.18,45.99,45.05,45.5,157600,0.32,0.94,0.7,2.07,0.47,1
2007-05-18,44.5,45.23,43.99,45.1,122500,0.6,1.24,1.33,2.75,0.62,1
2007-05-17,45.0,45.0,44.29,44.48,82200,-0.52,0.71,-1.17,1.6,0.36,-1
2007-05-16,45.23,45.24,44.66,45.05,120800,-0.18,0.58,-0.4,1.29,0.29,-1
2007-05-15,45.58,46.04,44.91,45.17,91000,-0.41,1.13,-0.91,2.5,0.57,-1
2007-05-14,46.02,46.31,45.48,45.68,94100,-0.34,0.83,-0.74,1.82,0.42,-1
2007-05-11,46.05,46.42,45.7,46.02,81800,-0.03,0.72,-0.07,1.56,0.36,1
2007-05-10,46.86,46.86,45.8,45.9,99100,-0.96,1.06,-2.09,2.31,0.53,-1
2007-05-09,46.0,47.42,46.0,47.08,111000,1.08,1.42,2.29,3.02,0.71,1
2007-05-08,46.01,46.38,45.65,46.27,99600,0.26,0.73,0.56,1.58,0.37,1
2007-05-07,46.43,46.43,45.96,46.26,139700,-0.17,0.47,-0.37,1.02,0.23,-1
2007-05-04,46.05,46.61,45.83,46.45,298600,0.4,0.78,0.86,1.68,0.39,1
2007-05-03,46.0,46.52,45.68,45.9,82900,-0.1,0.84,-0.22,1.83,0.42,-1
2007-05-02,45.95,46.2,45.75,46.0,310900,0.05,0.45,0.11,0.98,0.23,1
2007-05-01,46.3,46.36,45.6,45.87,234000,-0.43,0.76,-0.94,1.66,0.38,-1
2007-04-30,47.6,47.73,46.33,46.42,187300,-1.18,1.4,-2.54,3.02,0.7,-1
2007-04-27,48.19,48.19,47.41,47.45,122500,-0.74,0.78,-1.56,1.64,0.39,-1
2007-04-26,48.05,48.76,47.42,48.38,83000,0.33,1.34,0.68,2.77,0.67,1
2007-04-25,47.55,48.85,47.46,48.05,123000,0.5,1.39,1.04,2.89,0.7,1
2007-04-24,46.68,47.49,46.45,47.36,154100,0.68,1.04,1.44,2.2,0.52,1
2007-04-23,47.44,47.67,46.5,46.68,124800,-0.76,1.17,-1.63,2.51,0.59,-1
2007-04-20,48.0,48.0,47.41,47.6,94600,-0.4,0.59,-0.84,1.24,0.3,1
2007-04-19,47.41,47.72,46.76,47.52,143200,0.11,0.96,0.23,2.02,0.48,1
2007-04-18,47.6,47.61,47.16,47.51,93300,-0.09,0.45,-0.19,0.95,0.23,-1
2007-04-17,47.41,47.97,47.17,47.84,163600,0.43,0.8,0.9,1.67,0.4,1
2007-04-16,46.91,47.42,46.61,47.32,76600,0.41,0.81,0.87,1.71,0.41,1
2007-04-13,46.62,46.79,46.19,46.66,151900,0.04,0.6,0.09,1.29,0.3,-1
2007-04-12,46.19,46.88,46.1,46.74,102400,0.55,0.78,1.18,1.67,0.39,1
2007-04-11,46.55,46.8,46.06,46.44,158800,-0.11,0.74,-0.24,1.59,0.37,-1
2007-04-10,46.0,46.92,45.96,46.46,184100,0.46,0.96,0.99,2.07,0.48,-1
2007-04-09,46.7,47.1,46.47,46.56,115900,-0.14,0.63,-0.3,1.35,0.32,-1
2007-04-05,46.11,47.43,46.0,46.66,226300,0.55,1.43,1.18,3.06,0.71,1
2007-04-04,46.3,46.5,45.35,46.13,1160900,-0.17,1.15,-0.37,2.49,0.57,-1
2007-04-03,49.15,50.86,49.15,50.24,295500,1.09,1.71,2.17,3.4,0.86,1
2007-04-02,49.51,49.69,48.6,49.14,127400,-0.37,1.09,-0.75,2.22,0.54,-1
2007-03-30,49.31,49.59,48.81,49.44,55600,0.13,0.78,0.26,1.58,0.39,1
2007-03-29,49.05,49.65,48.46,49.22,150000,0.17,1.19,0.35,2.42,0.59,1
2007-03-28,48.45,49.16,48.02,48.86,184300,0.41,1.14,0.84,2.33,0.57,1
2007-03-27,49.54,49.54,48.34,48.7,101000,-0.84,1.2,-1.72,2.46,0.6,-1
2007-03-26,49.35,49.77,48.87,49.62,47600,0.27,0.9,0.54,1.81,0.45,1
2007-03-23,49.64,49.64,49.08,49.5,55700,-0.14,0.56,-0.28,1.13,0.28,-1
2007-03-22,49.57,50.11,49.34,49.7,159800,0.13,0.77,0.26,1.55,0.38,1
2007-03-21,48.32,49.71,47.77,49.37,154900,1.05,1.94,2.13,3.93,0.97,1
2007-03-20,47.8,48.4,47.28,48.32,85600,0.52,1.12,1.08,2.32,0.56,1
2007-03-19,46.92,47.74,46.65,47.67,223600,0.75,1.09,1.57,2.29,0.55,1
2007-03-16,46.6,46.68,46.1,46.67,242600,0.07,0.58,0.15,1.24,0.29,1
2007-03-15,45.95,46.72,45.95,46.63,97500,0.68,0.77,1.46,1.65,0.38,1
2007-03-14,45.04,46.11,44.56,45.95,132900,0.91,1.55,1.98,3.37,0.77,1
2007-03-13,46.24,46.28,45.05,45.14,87800,-1.1,1.23,-2.44,2.72,0.62,-1
2007-03-12,46.56,46.69,45.74,46.47,98900,-0.09,0.95,-0.19,2.04,0.47,1
2007-03-09,46.99,46.99,46.03,46.43,85000,-0.56,0.96,-1.21,2.07,0.48,-1
2007-03-08,46.63,47.55,46.31,47.13,116200,0.5,1.24,1.06,2.63,0.62,1
2007-03-07,46.25,46.89,45.62,46.43,112000,0.18,1.27,0.39,2.74,0.64,1
2007-03-06,46.3,46.77,45.72,46.42,110300,0.12,1.05,0.26,2.26,0.53,1
2007-03-05,46.95,47.39,45.99,46.08,129100,-0.87,1.4,-1.89,3.04,0.7,-1
2007-03-02,48.9,48.9,47.05,47.28,120400,-1.62,1.85,-3.43,3.91,0.93,-1
2007-03-01,48.8,49.61,47.93,49.04,124300,0.24,1.68,0.49,3.43,0.84,-1
2007-02-28,49.32,49.83,48.58,49.35,118000,0.03,1.25,0.06,2.53,0.62,1
2007-02-27,48.88,50.54,48.88,49.31,177900,0.43,1.66,0.87,3.37,0.83,-1
2007-02-26,50.7,50.83,50.26,50.78,84500,0.08,0.57,0.16,1.12,0.29,1
2007-02-23,50.88,50.88,50.22,50.55,53500,-0.33,0.66,-0.65,1.31,0.33,-1
2007-02-22,50.9,50.95,50.36,50.85,109300,-0.05,0.59,-0.1,1.16,0.3,1
2007-02-21,50.62,50.97,50.28,50.8,145400,0.18,0.69,0.35,1.36,0.34,-1
2007-02-20,49.22,50.98,48.95,50.87,169600,1.65,2.03,3.24,3.99,1.01,1
2007-02-16,49.03,49.59,48.81,49.47,114000,0.44,0.78,0.89,1.58,0.39,1
2007-02-15,48.35,49.08,48.3,49.03,124700,0.68,0.78,1.39,1.59,0.39,1
2007-02-14,46.73,49.17,46.73,48.33,272400,1.6,2.44,3.31,5.05,1.22,1
2007-02-13,46.7,47.04,45.81,46.66,128100,-0.04,1.23,-0.09,2.64,0.61,-1
2007-02-12,46.99,47.28,46.38,46.8,98100,-0.19,0.9,-0.41,1.92,0.45,-1
2007-02-09,48.54,48.67,46.41,46.99,164800,-1.55,2.26,-3.3,4.81,1.13,-1
2007-02-08,48.12,48.85,47.87,48.65,81000,0.53,0.98,1.09,2.01,0.49,1
2007-02-07,48.02,48.38,47.64,48.12,100900,0.1,0.74,0.21,1.54,0.37,1
2007-02-06,47.73,48.12,47.39,48.04,143600,0.31,0.73,0.65,1.52,0.36,1
2007-02-05,47.92,48.32,47.22,47.55,123800,-0.37,1.1,-0.78,2.31,0.55,-1
2007-02-02,48.03,48.25,47.47,48.06,80800,0.03,0.78,0.06,1.62,0.39,-1
2007-02-01,47.79,48.25,47.47,48.15,83000,0.36,0.78,0.75,1.62,0.39,1
2007-01-31,46.93,48.14,46.83,47.79,111900,0.86,1.31,1.8,2.74,0.66,1
2007-01-30,47.19,47.5,46.68,47.45,135300,0.26,0.82,0.55,1.73,0.41,1
2007-01-29,46.4,47.9,46.17,47.35,415800,0.95,1.73,2.01,3.65,0.86,1
2007-01-26,45.38,46.59,45.25,46.52,155900,1.14,1.34,2.45,2.88,0.67,1
2007-01-25,46.3,46.36,45.01,45.55,187700,-0.75,1.35,-1.65,2.96,0.68,-1
2007-01-24,46.0,46.49,45.96,46.33,175100,0.33,0.53,0.71,1.14,0.27,1
2007-01-23,45.64,46.36,45.2,46.0,292400,0.36,1.16,0.78,2.52,0.58,1
2007-01-22,45.87,46.1,45.2,45.84,186100,-0.03,0.9,-0.07,1.96,0.45,-1
2007-01-19,46.3,46.48,45.45,46.27,183900,-0.03,1.03,-0.06,2.23,0.51,-1
2007-01-18,45.5,47.1,45.5,46.55,515400,1.05,1.6,2.26,3.44,0.8,1
2007-01-17,43.8,44.29,43.56,44.05,160400,0.25,0.73,0.57,1.66,0.36,1
2007-01-16,44.45,44.7,43.45,43.97,248300,-0.48,1.25,-1.09,2.84,0.62,-1
2007-01-12,43.45,44.49,43.16,44.36,262200,0.91,1.33,2.05,3.0,0.67,1
2007-01-11,43.07,43.48,42.17,43.47,307600,0.4,1.31,0.92,3.01,0.65,1
2007-01-10,45.0,45.91,42.76,43.08,1162600,-1.92,3.15,-4.46,7.31,1.57,-1
2007-01-09,48.32,49.54,48.22,49.54,205900,1.22,1.32,2.46,2.66,0.66,1
2007-01-08,48.46,48.83,47.95,48.32,175400,-0.14,0.88,-0.29,1.82,0.44,-1
2007-01-05,49.7,49.7,48.53,48.54,184900,-1.16,1.17,-2.39,2.41,0.59,-1
2007-01-04,50.34,50.4,49.4,49.88,183600,-0.46,1.0,-0.92,2.0,0.5,-1
2007-01-03,49.79,50.88,49.65,50.35,149200,0.56,1.23,1.11,2.44,0.62,1
2006-12-29,49.43,49.97,49.35,49.65,159900,0.22,0.62,0.44,1.25,0.31,1
2006-12-28,49.85,50.2,49.48,49.54,177000,-0.31,0.72,-0.63,1.45,0.36,-1
2006-12-27,50.01,50.34,49.65,49.91,83100,-0.1,0.69,-0.2,1.38,0.35,1
2006-12-26,49.91,50.23,49.4,49.79,73200,-0.12,0.83,-0.24,1.67,0.41,-1
2006-12-22,50.7,50.7,49.91,50.05,48000,-0.65,0.79,-1.3,1.58,0.4,-1
2006-12-21,50.95,51.51,50.4,50.61,66600,-0.34,1.11,-0.67,2.19,0.55,-1
2006-12-20,50.05,51.66,50.03,51.08,79400,1.03,1.63,2.02,3.19,0.81,1
2006-12-19,49.14,49.98,48.95,49.9,69100,0.76,1.03,1.52,2.06,0.51,1
2006-12-18,50.89,51.25,49.17,49.34,113400,-1.55,2.08,-3.14,4.22,1.04,-1
2006-12-15,51.3,51.55,50.7,50.7,122500,-0.6,0.85,-1.18,1.68,0.42,-1
2006-12-14,51.0,51.87,50.91,51.24,95100,0.24,0.96,0.47,1.87,0.48,1
2006-12-13,51.25,51.47,50.56,50.84,60900,-0.41,0.91,-0.81,1.79,0.45,-1
2006-12-12,51.13,51.75,50.79,51.0,44800,-0.13,0.96,-0.25,1.88,0.48,-1
2006-12-11,50.98,51.58,50.6,51.13,80100,0.15,0.98,0.29,1.92,0.49,1
2006-12-08,51.28,51.55,50.81,50.98,90100,-0.3,0.74,-0.59,1.45,0.37,-1
2006-12-07,51.84,51.96,51.26,51.38,53400,-0.46,0.7,-0.9,1.36,0.35,-1
2006-12-06,51.25,52.05,51.25,51.69,61800,0.44,0.8,0.85,1.55,0.4,1
2006-12-05,51.79,51.79,51.28,51.29,56200,-0.5,0.51,-0.97,0.99,0.25,-1
2006-12-04,50.75,52.02,50.57,51.54,100900,0.79,1.45,1.53,2.81,0.73,1
2006-12-01,50.68,50.86,49.53,50.55,120200,-0.13,1.33,-0.26,2.63,0.66,-1
2006-11-30,50.45,51.06,49.84,50.82,88800,0.37,1.22,0.73,2.4,0.61,1
2006-11-29,50.58,50.99,50.2,50.5,97400,-0.08,0.79,-0.16,1.56,0.39,1
2006-11-28,50.19,50.5,49.59,50.39,80800,0.2,0.91,0.4,1.81,0.45,1
2006-11-27,51.45,51.45,50.02,50.2,95600,-1.25,1.43,-2.49,2.85,0.71,-1
2006-11-24,51.52,51.74,51.31,51.65,16500,0.13,0.43,0.25,0.83,0.21,-1
2006-11-22,51.98,52.14,51.69,51.77,52200,-0.21,0.45,-0.41,0.87,0.23,-1
2006-11-21,51.98,52.09,51.62,51.92,78500,-0.06,0.47,-0.12,0.91,0.24,-1
2006-11-20,51.88,52.38,51.69,51.97,65900,0.09,0.69,0.17,1.33,0.35,-1
2006-11-17,52.32,52.32,51.47,52.0,47000,-0.32,0.85,-0.62,1.63,0.43,-1
2006-11-16,52.54,52.84,52.18,52.33,62800,-0.21,0.66,-0.4,1.26,0.33,-1
2006-11-15,52.75,53.06,52.27,52.33,132300,-0.42,0.79,-0.8,1.51,0.39,-1
2006-11-14,51.48,52.8,51.28,52.75,289700,1.27,1.52,2.41,2.88,0.76,1
2006-11-13,51.55,52.25,50.97,51.43,84100,-0.12,1.28,-0.23,2.49,0.64,-1
2006-11-10,51.2,51.93,51.07,51.88,48600,0.68,0.86,1.31,1.66,0.43,1
2006-11-09,52.05,52.05,50.83,51.32,52700,-0.73,1.22,-1.42,2.38,0.61,-1
2006-11-08,51.77,52.53,51.36,51.99,115600,0.22,1.17,0.42,2.25,0.59,-1
2006-11-07,52.15,52.95,51.91,52.27,101100,0.12,1.04,0.23,1.99,0.52,-1
2006-11-06,52.15,52.74,51.96,52.34,100400,0.19,0.78,0.36,1.49,0.39,1
2006-11-03,51.87,52.35,51.54,51.99,93600,0.12,0.81,0.23,1.56,0.41,1
2006-11-02,51.2,52.09,50.8,51.67,136300,0.47,1.29,0.91,2.5,0.65,-1
2006-11-01,52.7,52.98,51.67,51.87,177700,-0.83,1.31,-1.6,2.53,0.65,-1
2006-10-31,53.08,53.25,52.4,52.78,114800,-0.3,0.85,-0.57,1.61,0.43,-1
2006-10-30,52.69,53.78,52.34,53.21,155800,0.52,1.44,0.98,2.71,0.72,1
2006-10-27,53.65,53.98,52.74,52.94,127200,-0.71,1.24,-1.34,2.34,0.62,-1
2006-10-26,52.83,53.95,52.16,53.82,225600,0.99,1.79,1.84,3.33,0.9,1
2006-10-25,53.45,53.6,52.01,52.74,279100,-0.71,1.59,-1.35,3.01,0.8,-1
2006-10-24,52.4,53.75,52.19,53.58,151600,1.18,1.56,2.2,2.91,0.78,1
2006-10-23,52.14,53.4,52.14,52.47,232200,0.33,1.26,0.63,2.4,0.63,1
2006-10-20,52.17,52.25,51.45,51.89,182200,-0.28,0.8,-0.54,1.54,0.4,-1
2006-10-19,50.75,52.33,50.67,51.97,266600,1.22,1.66,2.35,3.19,0.83,1
2006-10-18,51.45,51.89,50.58,50.93,319800,-0.52,1.31,-1.02,2.57,0.66,-1
2006-10-17,49.76,51.39,49.34,51.3,289300,1.54,2.05,3.0,4.0,1.02,1
2006-10-16,49.4,50.18,48.88,50.18,228800,0.78,1.3,1.55,2.59,0.65,1
2006-10-13,47.74,49.23,47.5,49.23,440700,1.49,1.73,3.03,3.51,0.86,1
2006-10-12,48.3,48.99,47.45,47.74,291100,-0.56,1.54,-1.17,3.23,0.77,-1
2006-10-11,48.37,48.4,47.2,47.98,336800,-0.39,1.2,-0.81,2.5,0.6,-1
2006-10-10,48.55,49.68,48.47,48.76,204400,0.21,1.21,0.43,2.48,0.61,1
2006-10-09,47.6,48.33,46.38,48.23,162800,0.63,1.95,1.31,4.04,0.97,1
2006-10-06,46.68,48.01,46.3,47.61,244300,0.93,1.71,1.95,3.59,0.86,1
2006-10-05,44.0,48.35,43.08,47.3,636300,3.3,5.27,6.98,11.14,2.64,1
2006-10-04,44.86,46.58,44.56,46.47,214700,1.61,2.02,3.46,4.35,1.01,1
2006-10-03,43.7,45.03,43.46,44.92,161400,1.22,1.57,2.72,3.5,0.79,1
2006-10-02,42.96,43.9,42.53,43.8,193800,0.84,1.37,1.92,3.13,0.68,1
2006-09-29,43.45,43.69,42.78,42.91,171000,-0.54,0.91,-1.26,2.12,0.45,-1
2006-09-28,43.85,44.0,43.11,43.55,80700,-0.3,0.89,-0.69,2.04,0.45,-1
2006-09-27,42.88,43.97,42.88,43.7,86600,0.82,1.09,1.88,2.49,0.54,1
2006-09-26,43.7,43.79,42.44,42.98,99000,-0.72,1.35,-1.68,3.14,0.68,-1
2006-09-25,42.37,44.19,41.79,43.86,102500,1.49,2.4,3.4,5.47,1.2,1
2006-09-22,43.01,43.03,41.85,42.39,76700,-0.62,1.18,-1.46,2.78,0.59,-1
2006-09-21,43.44,44.34,42.98,43.19,90700,-0.25,1.36,-0.58,3.15,0.68,-1
2006-09-20,41.95,43.4,41.95,43.31,68500,1.36,1.45,3.14,3.35,0.72,1
2006-09-19,41.77,42.19,40.99,41.86,67000,0.09,1.2,0.22,2.87,0.6,1
2006-09-18,41.75,41.85,41.18,41.73,77900,-0.02,0.67,-0.05,1.61,0.34,-1
2006-09-15,41.85,42.08,41.58,41.96,129700,0.11,0.5,0.26,1.19,0.25,1
2006-09-14,41.86,42.05,41.42,41.54,46300,-0.32,0.63,-0.77,1.52,0.31,-1
2006-09-13,41.98,42.4,41.77,41.96,63300,-0.02,0.63,-0.05,1.5,0.31,1
2006-09-12,40.3,42.0,40.3,41.91,101800,1.61,1.7,3.84,4.06,0.85,1
2006-09-11,40.57,40.9,40.13,40.3,141800,-0.27,0.77,-0.67,1.91,0.38,-1
2006-09-08,40.83,40.95,40.43,40.67,71600,-0.16,0.52,-0.39,1.28,0.26,-1
2006-09-07,40.89,41.48,40.38,40.73,59000,-0.16,1.1,-0.39,2.7,0.55,-1
2006-09-06,41.6,41.89,41.09,41.09,106200,-0.51,0.8,-1.24,1.95,0.4,-1
2006-09-05,41.41,42.21,41.16,41.76,95100,0.35,1.05,0.84,2.51,0.53,1
2006-09-01,41.2,41.77,41.1,41.51,61200,0.31,0.67,0.75,1.61,0.34,1
2006-08-31,41.23,41.87,40.83,41.08,68400,-0.15,1.04,-0.37,2.53,0.52,-1
2006-08-30,41.7,41.82,40.84,41.08,73100,-0.62,0.98,-1.51,2.39,0.49,-1
2006-08-29,40.4,41.43,40.39,41.34,164000,0.94,1.04,2.27,2.52,0.52,1
2006-08-28,38.84,40.49,38.84,40.25,80300,1.41,1.65,3.5,4.1,0.82,1
2006-08-25,39.14,39.74,38.6,38.84,56200,-0.3,1.14,-0.77,2.94,0.57,-1
2006-08-24,40.3,40.3,39.0,39.34,98300,-0.96,1.3,-2.44,3.3,0.65,-1
2006-08-23,40.05,40.62,39.82,40.3,53200,0.25,0.8,0.62,1.99,0.4,1
2006-08-22,40.23,41.06,40.13,40.16,93900,-0.07,0.93,-0.17,2.32,0.46,-1
2006-08-21,40.21,41.0,39.69,40.4,78900,0.19,1.31,0.47,3.24,0.66,-1
2006-08-18,41.2,41.38,40.05,40.46,90600,-0.74,1.33,-1.83,3.29,0.67,-1
2006-08-17,40.75,41.75,40.6,41.7,95100,0.95,1.15,2.28,2.76,0.57,1
2006-08-16,41.1,41.44,40.58,40.9,91100,-0.2,0.86,-0.49,2.1,0.43,1
2006-08-15,40.1,41.35,40.0,40.86,125900,0.76,1.35,1.86,3.3,0.68,1
2006-08-14,40.65,41.28,39.23,39.7,181300,-0.95,2.05,-2.39,5.16,1.03,-1
2006-08-11,40.31,40.69,39.75,40.4,158100,0.09,0.94,0.22,2.33,0.47,-1
2006-08-10,40.0,41.72,39.13,40.81,380100,0.81,2.59,1.98,6.35,1.29,-1
2006-08-09,35.5,42.1,35.5,41.1,973000,5.6,6.6,13.63,16.06,3.3,1
2006-08-08,35.35,35.52,34.74,34.82,118500,-0.53,0.78,-1.52,2.24,0.39,-1
2006-08-07,35.65,35.65,34.91,35.3,51200,-0.35,0.74,-0.99,2.1,0.37,-1
2006-08-04,36.0,36.37,35.38,35.8,82100,-0.2,0.99,-0.56,2.77,0.49,1
2006-08-03,34.84,35.83,34.69,35.77,98900,0.93,1.14,2.6,3.19,0.57,1
2006-08-02,35.14,35.35,34.87,35.04,83100,-0.1,0.48,-0.29,1.37,0.24,-1
2006-08-01,35.26,35.7,35.0,35.09,78800,-0.17,0.7,-0.48,1.99,0.35,-1
2006-07-31,34.73,35.75,34.69,35.46,82600,0.73,1.06,2.06,2.99,0.53,1
2006-07-28,34.65,35.34,34.65,35.08,182000,0.43,0.69,1.23,1.97,0.35,1
2006-07-27,35.65,36.25,34.5,34.55,74600,-1.1,1.75,-3.18,5.07,0.88,-1
2006-07-26,35.8,36.0,35.01,35.63,63200,-0.17,0.99,-0.48,2.78,0.5,-1
2006-07-25,35.78,36.23,35.71,35.98,95300,0.2,0.52,0.56,1.45,0.26,1
2006-07-24,34.98,36.0,34.98,35.78,49800,0.8,1.02,2.24,2.85,0.51,1
2006-07-21,35.27,35.35,34.53,34.88,69300,-0.39,0.82,-1.12,2.35,0.41,-1
2006-07-20,36.21,36.42,35.35,35.47,71000,-0.74,1.07,-2.09,3.02,0.54,-1
2006-07-19,35.07,36.47,35.07,36.15,74700,1.08,1.4,2.99,3.87,0.7,1
2006-07-18,35.6,35.85,34.34,35.04,171300,-0.56,1.51,-1.6,4.31,0.75,-1
2006-07-17,35.3,35.74,35.26,35.38,82200,0.08,0.48,0.23,1.36,0.24,-1
2006-07-14,36.02,36.26,35.35,35.46,91600,-0.56,0.91,-1.58,2.57,0.45,-1
2006-07-13,37.0,37.05,36.06,36.14,168000,-0.86,0.99,-2.38,2.74,0.49,-1
2006-07-12,38.55,38.6,37.15,37.16,54000,-1.39,1.45,-3.74,3.9,0.73,-1
2006-07-11,38.6,38.7,37.76,38.67,60200,0.07,0.94,0.18,2.43,0.47,-1
2006-07-10,39.15,39.27,38.55,38.8,65000,-0.35,0.72,-0.9,1.86,0.36,-1
2006-07-07,39.48,40.34,39.27,39.31,76700,-0.17,1.07,-0.43,2.72,0.54,-1
2006-07-06,39.88,40.0,39.2,39.63,76300,-0.25,0.8,-0.63,2.02,0.4,-1
2006-07-05,39.61,40.14,39.08,39.94,164900,0.33,1.06,0.83,2.65,0.53,1
2006-07-03,39.51,39.87,39.33,39.8,35300,0.29,0.54,0.73,1.36,0.27,1
2006-06-30,39.53,39.73,39.02,39.41,205400,-0.12,0.71,-0.3,1.8,0.35,1
2006-06-29,38.05,39.51,37.99,39.39,95400,1.34,1.52,3.4,3.86,0.76,1
2006-06-28,38.05,38.35,37.53,37.9,105700,-0.15,0.82,-0.4,2.16,0.41,-1
2006-06-27,38.08,38.8,37.79,38.03,132400,-0.05,1.01,-0.13,2.66,0.5,1
2006-06-26,37.97,38.48,37.38,37.9,126000,-0.07,1.1,-0.18,2.9,0.55,1
2006-06-23,37.7,38.26,37.02,37.74,82700,0.04,1.24,0.11,3.29,0.62,-1
2006-06-22,37.65,37.93,37.02,37.85,111100,0.2,0.91,0.53,2.4,0.45,1
2006-06-21,37.45,38.6,37.45,37.79,59300,0.34,1.15,0.9,3.04,0.57,1
2006-06-20,37.67,38.08,37.12,37.5,107300,-0.17,0.96,-0.45,2.56,0.48,-1
2006-06-19,39.0,39.17,37.31,37.65,140700,-1.35,1.86,-3.59,4.94,0.93,-1
2006-06-16,39.12,39.4,38.65,38.89,224100,-0.23,0.75,-0.59,1.93,0.38,-1
2006-06-15,38.46,39.56,38.05,39.18,98400,0.72,1.51,1.84,3.85,0.76,1
2006-06-14,38.3,38.8,37.84,38.33,125600,0.03,0.96,0.08,2.5,0.48,-1
2006-06-13,38.51,39.16,38.0,38.34,250500,-0.17,1.16,-0.44,3.03,0.58,-1
2006-06-12,40.66,40.66,38.41,38.55,202300,-2.11,2.25,-5.47,5.84,1.12,-1
2006-06-09,40.45,41.92,40.28,40.75,145300,0.3,1.64,0.74,4.02,0.82,1
2006-06-08,40.8,41.07,38.8,40.53,265000,-0.27,2.27,-0.67,5.6,1.14,-1
2006-06-07,40.55,41.58,40.17,41.0,189600,0.45,1.41,1.1,3.44,0.7,1
2006-06-06,41.02,41.15,40.25,40.68,220900,-0.34,0.9,-0.84,2.21,0.45,-1
2006-06-05,41.7,41.7,40.73,41.11,404100,-0.59,0.97,-1.44,2.36,0.49,-1
2006-06-02,38.1,43.23,38.01,41.77,1353800,3.67,5.22,8.79,12.5,2.61,1
2006-06-01,40.31,40.9,39.99,40.43,392800,0.12,0.91,0.3,2.25,0.45,1
2006-05-31,40.25,40.85,39.98,40.32,425000,0.07,0.87,0.17,2.16,0.44,1
2006-05-30,41.35,41.6,39.6,39.76,362400,-1.59,2.0,-4.0,5.03,1.0,-1
2006-05-26,42.73,42.83,41.2,41.5,340000,-1.23,1.63,-2.96,3.93,0.81,-1
2006-05-25,44.8,45.06,42.41,42.93,445900,-1.87,2.65,-4.36,6.17,1.33,-1
2006-05-24,46.05,46.41,44.5,44.96,259600,-1.09,1.91,-2.42,4.25,0.95,-1
2006-05-23,46.1,46.83,45.78,45.8,392600,-0.3,1.05,-0.66,2.29,0.52,1
2006-05-22,44.25,45.73,43.89,45.72,237000,1.47,1.84,3.22,4.02,0.92,1
2006-05-19,43.35,45.34,43.35,44.85,197000,1.5,1.99,3.34,4.44,1.0,1
2006-05-18,44.2,44.49,43.3,43.5,133100,-0.7,1.19,-1.61,2.74,0.6,-1
2006-05-17,44.05,44.31,43.45,44.05,159100,0.0,0.86,0.0,1.95,0.43,-1
2006-05-16,43.62,44.43,43.45,44.3,89000,0.68,0.98,1.53,2.21,0.49,1
2006-05-15,44.27,44.47,43.08,43.62,199000,-0.65,1.39,-1.49,3.19,0.7,-1
2006-05-12,44.65,45.03,44.29,44.47,95700,-0.18,0.74,-0.4,1.66,0.37,-1
2006-05-11,45.18,45.56,44.7,44.8,151800,-0.38,0.86,-0.85,1.92,0.43,-1
2006-05-10,45.5,46.03,45.3,45.43,171400,-0.07,0.73,-0.15,1.61,0.37,-1
2006-05-09,46.23,46.75,45.75,45.9,130300,-0.33,1.0,-0.72,2.18,0.5,-1
2006-05-08,46.29,46.8,45.97,46.26,158000,-0.03,0.83,-0.06,1.79,0.41,-1
2006-05-05,47.12,47.5,46.37,46.44,222600,-0.68,1.13,-1.46,2.43,0.57,-1
2006-05-04,47.75,47.8,46.57,47.0,174900,-0.75,1.23,-1.6,2.62,0.61,-1
2006-05-03,45.95,47.61,45.75,47.56,330200,1.61,1.86,3.39,3.91,0.93,1
2006-05-02,44.75,44.92,43.35,44.05,187600,-0.7,1.57,-1.59,3.56,0.79,1
2006-05-01,43.85,44.31,43.6,44.01,148600,0.16,0.71,0.36,1.61,0.36,1
2006-04-28,43.6,44.18,43.36,43.7,121100,0.1,0.82,0.23,1.88,0.41,-1
2006-04-27,44.1,44.48,43.31,43.75,189500,-0.35,1.17,-0.8,2.67,0.58,-1
2006-04-26,43.95,44.65,43.95,44.32,236300,0.37,0.7,0.83,1.58,0.35,1
2006-04-25,44.05,44.05,43.55,43.85,104000,-0.2,0.5,-0.46,1.14,0.25,-1
2006-04-24,44.6,44.6,44.03,44.05,87200,-0.55,0.57,-1.25,1.29,0.29,-1
2006-04-21,45.05,45.1,44.32,44.71,93500,-0.34,0.78,-0.76,1.74,0.39,1
2006-04-20,44.54,45.44,44.33,44.69,165000,0.15,1.11,0.34,2.48,0.55,-1
2006-04-19,45.25,45.55,44.58,44.71,115600,-0.54,0.97,-1.21,2.17,0.48,-1
2006-04-18,44.9,45.82,44.31,45.43,285100,0.53,1.51,1.17,3.32,0.75,1
2006-04-17,45.36,45.49,44.51,44.71,133300,-0.65,0.98,-1.45,2.19,0.49,-1
2006-04-13,45.48,45.7,45.09,45.31,198600,-0.17,0.61,-0.38,1.35,0.3,-1
2006-04-12,45.2,45.88,45.1,45.48,174800,0.28,0.78,0.62,1.72,0.39,1
2006-04-11,45.0,45.72,44.72,45.24,279300,0.24,1.0,0.53,2.21,0.5,1
2006-04-10,46.84,47.19,45.01,45.12,303000,-1.72,2.18,-3.81,4.83,1.09,-1
2006-04-07,48.37,48.56,46.24,46.84,264900,-1.53,2.32,-3.27,4.95,1.16,-1
2006-04-06,50.25,51.0,47.58,48.4,619200,-1.85,3.42,-3.82,7.07,1.71,-1
2006-04-05,50.5,51.55,49.16,50.75,332900,0.25,2.39,0.49,4.71,1.2,1
2006-04-04,49.61,50.86,48.96,50.29,137500,0.68,1.9,1.35,3.78,0.95,1
2006-04-03,51.38,51.7,49.5,49.61,132200,-1.77,2.2,-3.57,4.43,1.1,-1
2006-03-31,48.72,52.74,48.66,51.13,300000,2.41,4.08,4.71,7.98,2.04,1
2006-03-30,48.49,48.93,48.05,48.62,113600,0.13,0.88,0.27,1.81,0.44,1
2006-03-29,47.65,48.63,47.55,48.51,230500,0.86,1.08,1.77,2.23,0.54,1
2006-03-28,46.6,48.02,46.6,47.73,155600,1.13,1.42,2.37,2.98,0.71,1
2006-03-27,47.0,47.52,46.75,47.1,180200,0.1,0.77,0.21,1.63,0.39,-1
2006-03-24,48.57,48.84,47.57,47.57,234800,-1.0,1.27,-2.1,2.67,0.64,-1
2006-03-23,48.74,48.91,48.31,48.52,131600,-0.22,0.6,-0.45,1.24,0.3,-1
2006-03-22,50.99,50.99,48.17,49.33,249300,-1.66,2.82,-3.37,5.72,1.41,-1
2006-03-21,50.4,51.34,49.99,50.04,126900,-0.36,1.35,-0.72,2.7,0.68,-1
2006-03-20,50.3,50.85,50.03,50.56,92700,0.26,0.82,0.51,1.62,0.41,1
2006-03-17,51.2,51.2,49.78,50.28,241800,-0.92,1.42,-1.83,2.82,0.71,-1
2006-03-16,50.48,51.66,50.18,50.95,185900,0.47,1.48,0.92,2.9,0.74,1
2006-03-15,48.82,50.5,48.48,50.48,177300,1.66,2.02,3.29,4.0,1.01,1
2006-03-14,46.97,49.23,46.71,48.81,173200,1.84,2.52,3.77,5.16,1.26,1
2006-03-13,46.35,47.11,45.75,47.0,92600,0.65,1.36,1.38,2.89,0.68,1
2006-03-10,45.05,46.5,45.05,46.5,101400,1.45,1.45,3.12,3.12,0.73,1
2006-03-09,46.0,46.27,44.92,45.17,163300,-0.83,1.35,-1.84,2.99,0.68,-1
2006-03-08,45.57,46.45,45.21,46.1,133100,0.53,1.24,1.15,2.69,0.62,1
2006-03-07,45.96,46.08,45.11,45.77,117700,-0.19,0.97,-0.42,2.12,0.48,-1
2006-03-06,45.23,46.22,45.23,45.84,75400,0.61,0.99,1.33,2.16,0.5,-1
2006-03-03,45.8,46.5,45.31,46.18,74300,0.38,1.19,0.82,2.58,0.59,1
2006-03-02,46.0,46.3,45.48,45.8,73000,-0.2,0.82,-0.44,1.79,0.41,-1
2006-03-01,45.88,46.15,45.78,45.95,52200,0.07,0.37,0.15,0.81,0.18,1
2006-02-28,45.41,45.84,45.24,45.78,124100,0.37,0.6,0.81,1.31,0.3,1
2006-02-27,46.32,47.05,45.33,45.33,134300,-0.99,1.72,-2.18,3.79,0.86,-1
2006-02-24,45.6,46.65,45.3,46.32,62700,0.72,1.35,1.55,2.91,0.68,1
2006-02-23,45.96,46.18,45.33,45.58,85000,-0.38,0.85,-0.83,1.86,0.43,-1
2006-02-22,45.74,46.4,45.6,46.13,113400,0.39,0.8,0.85,1.73,0.4,1
2006-02-21,46.6,46.8,45.3,45.61,110300,-0.99,1.5,-2.17,3.29,0.75,-1
2006-02-17,46.05,46.6,45.37,46.45,239700,0.4,1.23,0.86,2.65,0.62,1
2006-02-16,45.82,46.1,44.94,45.85,125000,0.03,1.16,0.07,2.53,0.58,-1
2006-02-15,45.65,46.04,45.25,45.9,82100,0.25,0.79,0.54,1.72,0.39,1
2006-02-14,44.11,45.86,44.05,45.76,178000,1.65,1.81,3.61,3.96,0.91,1
2006-02-13,44.25,44.55,43.9,44.21,84800,-0.04,0.65,-0.09,1.47,0.32,-1
2006-02-10,44.94,44.95,44.25,44.78,151700,-0.16,0.7,-0.36,1.56,0.35,-1
2006-02-09,46.08,46.45,45.12,45.2,103800,-0.88,1.33,-1.95,2.94,0.67,-1
2006-02-08,44.64,46.01,44.45,45.93,208400,1.29,1.56,2.81,3.4,0.78,1
2006-02-07,44.85,45.3,44.2,44.59,217000,-0.26,1.1,-0.58,2.47,0.55,-1
2006-02-06,44.8,45.4,44.73,45.38,126500,0.58,0.67,1.28,1.48,0.34,1
2006-02-03,45.3,45.7,44.8,45.25,118500,-0.05,0.9,-0.11,1.99,0.45,-1
2006-02-02,45.85,45.95,45.16,45.45,279300,-0.4,0.79,-0.88,1.74,0.4,-1
2006-02-01,45.35,46.11,45.24,45.91,248300,0.56,0.87,1.22,1.9,0.43,1
2006-01-31,45.0,45.41,44.19,45.41,311600,0.41,1.22,0.9,2.69,0.61,1
2006-01-30,45.01,45.9,44.65,45.0,270700,-0.01,1.25,-0.02,2.78,0.62,-1
2006-01-27,44.5,45.84,44.41,45.05,532400,0.55,1.43,1.22,3.17,0.72,1
2006-01-26,42.75,44.5,42.5,44.46,389300,1.71,2.0,3.85,4.5,1.0,1
2006-01-25,42.65,43.09,42.3,42.65,216800,0.0,0.79,0.0,1.85,0.4,1
2006-01-24,42.47,43.0,42.2,42.45,164200,-0.02,0.8,-0.05,1.88,0.4,1
2006-01-23,42.2,42.83,42.04,42.37,246600,0.17,0.79,0.4,1.86,0.39,1
2006-01-20,42.55,42.7,42.0,42.22,354300,-0.33,0.7,-0.78,1.66,0.35,-1
2006-01-19,43.54,43.54,42.25,42.56,623800,-0.98,1.29,-2.3,3.03,0.64,-1
2006-01-18,44.25,44.69,43.17,43.57,300300,-0.68,1.52,-1.56,3.49,0.76,-1
2006-01-17,44.6,44.88,43.51,44.46,483300,-0.14,1.37,-0.31,3.08,0.69,-1
2006-01-13,46.02,46.11,45.3,45.7,305700,-0.32,0.81,-0.7,1.77,0.41,-1
2006-01-12,44.46,46.95,44.2,46.2,979100,1.74,2.75,3.77,5.95,1.38,1
2006-01-11,46.0,47.55,44.3,44.45,2642900,-1.55,3.25,-3.49,7.31,1.62,-1
2006-01-10,50.9,52.75,49.98,51.5,565900,0.6,2.77,1.17,5.38,1.39,-1
2006-01-09,53.4,54.43,53.0,53.0,264700,-0.4,1.43,-0.75,2.7,0.71,-1
2006-01-06,51.85,54.82,51.85,53.65,316000,1.8,2.97,3.36,5.54,1.48,1
2006-01-05,52.89,53.0,50.5,51.91,467700,-0.98,2.5,-1.89,4.82,1.25,-1
2006-01-04,55.05,55.05,53.37,53.43,137000,-1.62,1.68,-3.03,3.14,0.84,-1
2006-01-03,55.0,55.2,53.71,54.8,142300,-0.2,1.49,-0.36,2.72,0.75,1
2005-12-30,53.88,54.8,53.81,54.7,80700,0.82,0.99,1.5,1.81,0.49,1
2005-12-29,54.65,54.7,54.01,54.13,52900,-0.52,0.69,-0.96,1.27,0.35,-1
2005-12-28,53.8,54.94,53.8,54.76,111800,0.96,1.14,1.75,2.08,0.57,1
2005-12-27,55.65,55.78,53.55,53.62,96500,-2.03,2.23,-3.79,4.16,1.12,-1
2005-12-23,53.95,55.0,53.95,54.75,74600,0.8,1.05,1.46,1.92,0.52,1
2005-12-22,53.97,54.0,53.35,53.79,86300,-0.18,0.65,-0.33,1.21,0.32,1
2005-12-21,53.09,53.98,53.09,53.75,78500,0.66,0.89,1.23,1.66,0.44,1
2005-12-20,53.66,53.98,52.91,53.09,127600,-0.57,1.07,-1.07,2.02,0.54,-1
2005-12-19,51.72,54.67,51.72,53.96,301700,2.24,2.95,4.15,5.47,1.48,1
2005-12-16,55.92,55.92,52.33,52.67,325300,-3.25,3.59,-6.17,6.82,1.8,-1
2005-12-15,56.55,56.55,54.62,55.78,116800,-0.77,1.93,-1.38,3.46,0.96,-1
2005-12-14,56.35,56.89,56.06,56.62,51100,0.27,0.83,0.48,1.47,0.41,1
2005-12-13,56.68,56.83,56.13,56.25,100100,-0.43,0.7,-0.76,1.24,0.35,-1
2005-12-12,57.05,57.1,56.53,56.63,80800,-0.42,0.57,-0.74,1.01,0.29,1
2005-12-09,56.8,57.28,56.3,56.59,83400,-0.21,0.98,-0.37,1.73,0.49,-1
2005-12-08,56.4,57.06,56.12,56.59,73500,0.19,0.94,0.34,1.66,0.47,1
2005-12-07,56.52,56.7,55.84,56.22,67700,-0.3,0.86,-0.53,1.53,0.43,-1
2005-12-06,56.5,57.49,56.31,56.66,116400,0.16,1.18,0.28,2.08,0.59,1
2005-12-05,56.01,57.58,55.89,56.3,295600,0.29,1.69,0.52,3.0,0.84,1
2005-12-02,55.26,56.11,54.27,55.84,209700,0.58,1.84,1.04,3.3,0.92,1
2005-12-01,56.4,56.52,55.33,55.4,187600,-1.0,1.19,-1.81,2.15,0.6,-1
2005-11-30,56.07,56.99,56.02,56.42,84400,0.35,0.97,0.62,1.72,0.48,1
2005-11-29,55.15,56.46,54.91,56.07,156800,0.92,1.55,1.64,2.76,0.78,1
2005-11-28,56.95,56.99,54.62,54.9,182700,-2.05,2.37,-3.73,4.32,1.19,-1
2005-11-25,56.73,56.87,56.06,56.71,42900,-0.02,0.81,-0.04,1.43,0.4,1
2005-11-23,56.05,56.85,55.64,56.7,121500,0.65,1.21,1.15,2.13,0.61,1
2005-11-22,56.52,56.67,55.31,56.07,138300,-0.45,1.36,-0.8,2.43,0.68,-1
2005-11-21,55.48,56.85,55.03,56.57,402200,1.09,1.82,1.93,3.22,0.91,1
2005-11-18,52.85,55.31,52.56,54.48,239600,1.63,2.75,2.99,5.05,1.38,1
2005-11-17,51.46,53.1,51.46,52.56,138600,1.1,1.64,2.09,3.12,0.82,1
2005-11-16,50.8,51.51,50.44,51.4,118800,0.6,1.07,1.17,2.08,0.54,1
2005-11-15,52.35,52.4,50.4,50.72,100100,-1.63,2.0,-3.21,3.94,1.0,-1
2005-11-14,52.4,52.99,51.71,52.13,91700,-0.27,1.28,-0.52,2.46,0.64,-1
2005-11-11,51.5,52.49,51.39,52.17,90700,0.67,1.1,1.28,2.11,0.55,1
2005-11-10,51.35,51.65,50.41,51.5,143400,0.15,1.24,0.29,2.41,0.62,1
2005-11-09,51.6,52.15,51.2,51.44,130700,-0.16,0.95,-0.31,1.85,0.47,-1
2005-11-08,52.83,52.88,51.13,51.5,146900,-1.33,1.75,-2.58,3.4,0.88,-1
2005-11-07,53.0,53.15,52.42,52.79,92000,-0.21,0.73,-0.4,1.38,0.36,1
2005-11-04,52.5,52.74,51.96,52.44,170800,-0.06,0.78,-0.11,1.49,0.39,1
2005-11-03,51.95,53.48,51.86,52.08,216100,0.13,1.62,0.25,3.11,0.81,1
2005-11-02,50.4,51.87,50.4,51.67,219400,1.27,1.47,2.46,2.84,0.73,1
2005-11-01,49.95,50.49,49.35,50.23,298000,0.28,1.14,0.56,2.27,0.57,1
2005-10-31,48.85,49.75,48.48,49.25,457800,0.4,1.27,0.81,2.58,0.64,1
2005-10-28,48.06,48.95,48.06,48.39,178300,0.33,0.89,0.68,1.84,0.45,1
2005-10-27,50.25,50.25,47.27,48.03,417000,-2.22,2.98,-4.62,6.2,1.49,-1
2005-10-26,51.37,51.98,50.25,50.29,176100,-1.08,1.73,-2.15,3.44,0.86,-1
2005-10-25,51.25,52.0,50.5,50.99,197300,-0.26,1.5,-0.51,2.94,0.75,-1
2005-10-24,52.25,53.49,50.04,51.12,631200,-1.13,3.45,-2.21,6.75,1.73,1
2005-10-21,49.85,50.5,49.76,50.02,179400,0.17,0.74,0.34,1.48,0.37,1
2005-10-20,50.4,50.73,49.0,49.7,253900,-0.7,1.73,-1.41,3.48,0.86,-1
2005-10-19,49.6,50.22,48.45,50.01,336000,0.41,1.77,0.82,3.54,0.88,1
2005-10-18,50.78,50.9,49.71,49.77,435600,-1.01,1.19,-2.03,2.39,0.59,1
2005-10-17,48.6,49.31,48.5,49.16,264700,0.56,0.81,1.14,1.65,0.41,1
2005-10-14,47.6,48.49,46.96,48.37,252700,0.77,1.53,1.59,3.16,0.77,1
2005-10-13,47.4,49.31,46.32,47.19,408400,-0.21,2.99,-0.45,6.34,1.5,1
2005-10-12,47.65,47.65,46.4,46.9,295700,-0.75,1.25,-1.6,2.67,0.62,-1
2005-10-11,48.1,48.5,47.25,47.65,348100,-0.45,1.25,-0.94,2.62,0.62,-1
2005-10-10,48.0,48.42,47.2,47.85,382700,-0.15,1.22,-0.31,2.55,0.61,-1
2005-10-07,49.5,49.94,48.0,48.0,1333200,-1.5,1.94,-3.12,4.04,0.97,1
2005-10-06,43.83,44.99,43.36,44.92,399400,1.09,1.63,2.43,3.63,0.82,1
2005-10-05,44.5,44.85,43.03,43.58,134700,-0.92,1.82,-2.11,4.18,0.91,-1
2005-10-04,45.37,45.85,44.42,44.68,80400,-0.69,1.43,-1.54,3.2,0.71,-1
2005-10-03,45.3,46.01,44.79,44.88,87100,-0.42,1.22,-0.94,2.72,0.61,-1
2005-09-30,44.5,45.82,44.4,45.12,118800,0.62,1.42,1.37,3.15,0.71,1
2005-09-29,43.0,44.69,42.6,44.61,91100,1.61,2.09,3.61,4.69,1.04,1
2005-09-28,44.15,44.15,42.5,43.0,108200,-1.15,1.65,-2.67,3.84,0.82,-1
2005-09-27,44.43,44.47,43.75,44.25,72100,-0.18,0.72,-0.41,1.63,0.36,-1
2005-09-26,44.2,44.83,43.89,44.42,78400,0.22,0.94,0.5,2.12,0.47,1
2005-09-23,42.68,44.89,42.36,44.02,111000,1.34,2.53,3.04,5.75,1.27,1
2005-09-22,41.9,43.0,41.84,42.78,70000,0.88,1.16,2.06,2.71,0.58,1
2005-09-21,41.87,42.24,40.87,41.74,127500,-0.13,1.37,-0.31,3.28,0.69,-1
2005-09-20,43.5,44.71,41.8,42.12,129000,-1.38,2.91,-3.28,6.91,1.46,-1
2005-09-19,44.7,44.97,43.4,43.55,63400,-1.15,1.57,-2.64,3.61,0.79,-1
2005-09-16,45.3,45.3,44.65,44.78,132100,-0.52,0.65,-1.16,1.45,0.32,-1
2005-09-15,44.99,45.53,44.85,45.0,56200,0.01,0.68,0.02,1.51,0.34,1
2005-09-14,46.05,46.05,44.85,44.97,63900,-1.08,1.2,-2.4,2.67,0.6,-1
2005-09-13,46.95,46.95,45.79,45.9,67300,-1.05,1.16,-2.29,2.53,0.58,-1
2005-09-12,46.15,47.16,45.95,47.06,75800,0.91,1.21,1.93,2.57,0.6,1
2005-09-09,46.25,46.27,46.01,46.25,25800,0.0,0.26,0.0,0.56,0.13,-1
2005-09-08,46.75,46.75,45.91,46.25,44400,-0.5,0.84,-1.08,1.82,0.42,-1
2005-09-07,46.75,47.37,46.44,46.95,74400,0.2,0.93,0.43,1.98,0.46,1
2005-09-06,45.06,47.0,45.06,46.82,135000,1.76,1.94,3.76,4.14,0.97,1
2005-09-02,45.8,45.95,44.71,44.86,146300,-0.94,1.24,-2.1,2.76,0.62,-1
2005-09-01,46.67,46.84,45.03,45.7,153900,-0.97,1.81,-2.12,3.96,0.91,-1
2005-08-31,46.44,46.79,45.98,46.65,133300,0.21,0.81,0.45,1.74,0.41,-1
2005-08-30,47.01,47.25,45.7,46.69,66900,-0.32,1.55,-0.69,3.32,0.77,-1
2005-08-29,45.6,47.45,45.41,47.01,147500,1.41,2.04,3.0,4.34,1.02,1
2005-08-26,47.25,47.38,45.61,45.85,90200,-1.4,1.77,-3.05,3.86,0.89,-1
2005-08-25,45.75,47.45,45.73,47.2,113900,1.45,1.72,3.07,3.64,0.86,1
2005-08-24,46.43,46.89,45.35,45.65,86200,-0.78,1.54,-1.71,3.37,0.77,-1
2005-08-23,45.65,47.08,45.28,46.44,148700,0.79,1.8,1.7,3.88,0.9,1
2005-08-22,46.0,46.36,45.14,45.9,158500,-0.1,1.22,-0.22,2.66,0.61,-1
2005-08-19,46.85,47.33,46.03,46.03,57900,-0.82,1.3,-1.78,2.82,0.65,-1
2005-08-18,46.15,46.83,45.26,46.83,123800,0.68,1.57,1.45,3.35,0.79,1
2005-08-17,47.09,47.67,46.66,46.75,78000,-0.34,1.01,-0.73,2.16,0.51,-1
2005-08-16,48.22,48.22,46.73,46.99,76400,-1.23,1.49,-2.62,3.17,0.75,-1
2005-08-15,47.91,48.61,47.67,48.22,104700,0.31,0.94,0.64,1.95,0.47,1
2005-08-12,48.9,48.9,47.75,48.0,115700,-0.9,1.15,-1.87,2.4,0.57,-1
2005-08-11,47.94,49.85,47.94,49.13,231900,1.19,1.91,2.42,3.89,0.96,1
2005-08-10,48.45,48.69,47.0,47.9,133400,-0.55,1.69,-1.15,3.53,0.84,-1
2005-08-09,48.55,49.13,48.05,48.2,163000,-0.35,1.08,-0.73,2.24,0.54,-1
2005-08-08,49.6,50.73,48.54,48.73,296100,-0.87,2.19,-1.79,4.49,1.09,-1
2005-08-05,48.75,51.68,48.25,51.0,651000,2.25,3.43,4.41,6.73,1.72,1
2005-08-04,47.15,48.0,45.56,47.95,174500,0.8,2.44,1.67,5.09,1.22,1
2005-08-03,47.36,47.68,47.02,47.3,45000,-0.06,0.66,-0.13,1.4,0.33,-1
2005-08-02,47.65,47.65,46.32,47.45,82100,-0.2,1.33,-0.42,2.8,0.66,-1
2005-08-01,47.1,47.91,46.77,47.6,89100,0.5,1.14,1.05,2.39,0.57,1
2005-07-29,47.5,47.85,47.0,47.01,109500,-0.49,0.85,-1.04,1.81,0.43,-1
2005-07-28,47.1,47.67,46.97,47.64,36100,0.54,0.7,1.13,1.47,0.35,1
2005-07-27,47.39,47.7,46.88,47.25,52200,-0.14,0.82,-0.3,1.74,0.41,-1
2005-07-26,47.06,47.45,46.48,47.3,36800,0.24,0.97,0.51,2.05,0.49,1
2005-07-25,47.6,48.62,46.95,47.02,110600,-0.58,1.67,-1.23,3.55,0.83,-1
2005-07-22,46.17,47.71,46.15,47.6,58600,1.43,1.56,3.0,3.28,0.78,1
2005-07-21,47.28,47.28,45.96,46.04,49800,-1.24,1.32,-2.69,2.87,0.66,-1
2005-07-20,46.82,47.4,46.06,47.24,85200,0.42,1.34,0.89,2.84,0.67,1
2005-07-19,46.12,47.1,46.1,47.07,128500,0.95,1.0,2.02,2.12,0.5,1
2005-07-18,45.68,46.2,45.65,45.96,86900,0.28,0.55,0.61,1.2,0.28,1
2005-07-15,45.15,45.81,45.14,45.71,29800,0.56,0.67,1.23,1.47,0.34,1
2005-07-14,45.9,46.11,45.06,45.3,120600,-0.6,1.05,-1.32,2.32,0.52,-1
2005-07-13,46.66,46.7,45.11,45.4,53900,-1.26,1.59,-2.78,3.5,0.8,-1
2005-07-12,46.15,46.94,45.65,46.65,123800,0.5,1.29,1.07,2.77,0.64,1
2005-07-11,45.91,46.52,45.75,46.2,130500,0.29,0.77,0.63,1.67,0.39,1
2005-07-08,44.1,45.93,43.95,45.84,223500,1.74,1.98,3.8,4.32,0.99,1
2005-07-07,43.8,44.21,43.55,44.0,71100,0.2,0.66,0.45,1.5,0.33,-1
2005-07-06,44.42,44.58,43.75,44.0,134800,-0.42,0.83,-0.95,1.89,0.41,-1
2005-07-05,43.9,44.69,43.85,44.44,121100,0.54,0.84,1.22,1.89,0.42,1
2005-07-01,43.2,43.84,43.0,43.8,57100,0.6,0.84,1.37,1.92,0.42,1
2005-06-30,43.3,43.4,43.02,43.05,96600,-0.25,0.38,-0.58,0.88,0.19,-1
2005-06-29,43.89,43.89,42.44,43.17,94400,-0.72,1.45,-1.67,3.36,0.73,-1
2005-06-28,42.4,44.01,42.4,43.85,92400,1.45,1.61,3.31,3.67,0.8,1
2005-06-27,41.93,42.33,41.6,42.33,61400,0.4,0.73,0.94,1.72,0.36,1
2005-06-24,42.89,42.89,41.6,41.97,177300,-0.92,1.29,-2.19,3.07,0.64,-1
2005-06-23,43.5,43.5,42.69,43.0,122200,-0.5,0.81,-1.16,1.88,0.41,-1
2005-06-22,43.5,43.55,43.11,43.5,47900,0.0,0.44,0.0,1.01,0.22,1
2005-06-21,43.79,43.84,43.28,43.41,53800,-0.38,0.56,-0.88,1.29,0.28,-1
2005-06-20,43.5,44.07,43.25,43.79,83700,0.29,0.82,0.66,1.87,0.41,1
2005-06-17,44.25,44.25,42.91,43.65,217300,-0.6,1.34,-1.37,3.07,0.67,-1
2005-06-16,43.9,44.03,43.23,43.75,121900,-0.15,0.8,-0.34,1.83,0.4,-1
2005-06-15,44.14,44.14,43.3,44.0,110400,-0.14,0.84,-0.32,1.91,0.42,1
2005-06-14,42.8,44.26,42.72,43.89,189000,1.09,1.54,2.48,3.51,0.77,1
2005-06-13,43.2,43.49,42.63,42.83,111100,-0.37,0.86,-0.86,2.01,0.43,-1
2005-06-10,42.75,43.62,42.7,43.37,159000,0.62,0.92,1.43,2.12,0.46,1
2005-06-09,42.7,42.87,42.1,42.8,143500,0.1,0.77,0.23,1.8,0.38,1
2005-06-08,43.0,43.5,42.32,42.76,146200,-0.24,1.18,-0.56,2.76,0.59,-1
2005-06-07,43.03,44.0,42.2,43.1,205300,0.07,1.8,0.16,4.18,0.9,1
2005-06-06,41.5,43.2,41.01,43.03,483100,1.53,2.19,3.56,5.09,1.1,1
2005-06-03,40.0,42.59,40.0,41.75,686500,1.75,2.59,4.19,6.2,1.3,1
2005-06-02,38.25,41.41,38.25,40.38,1103200,2.13,3.16,5.27,7.83,1.58,1
2005-06-01,35.8,36.34,35.71,36.29,164800,0.49,0.63,1.35,1.74,0.32,1
2005-05-31,35.15,35.85,35.09,35.76,102100,0.61,0.76,1.71,2.13,0.38,1
2005-05-27,34.93,35.37,34.92,35.25,74400,0.32,0.45,0.91,1.28,0.22,1
2005-05-26,34.67,35.02,34.55,35.0,77100,0.33,0.47,0.94,1.34,0.24,1
2005-05-25,35.1,35.1,34.4,34.55,61700,-0.55,0.7,-1.59,2.03,0.35,-1
2005-05-24,35.49,35.61,35.06,35.25,93800,-0.24,0.55,-0.68,1.56,0.27,-1
2005-05-23,34.15,35.54,34.09,35.5,220800,1.35,1.45,3.8,4.08,0.72,1
2005-05-20,34.85,34.87,34.18,34.24,158000,-0.61,0.69,-1.78,2.02,0.34,-1
2005-05-19,34.35,35.16,34.35,34.8,170900,0.45,0.81,1.29,2.33,0.4,1
2005-05-18,34.39,34.9,34.2,34.5,101200,0.11,0.7,0.32,2.03,0.35,1
2005-05-17,35.21,35.27,33.93,34.14,243500,-1.07,1.34,-3.13,3.93,0.67,-1
2005-05-16,34.64,35.33,34.55,35.2,349500,0.56,0.78,1.59,2.22,0.39,1
2005-05-13,35.45,35.45,33.94,34.57,183400,-0.88,1.51,-2.55,4.37,0.76,-1
2005-05-12,36.45,36.57,35.0,35.33,349100,-1.12,1.57,-3.17,4.44,0.79,-1
2005-05-11,37.0,37.07,36.25,36.58,137900,-0.42,0.82,-1.15,2.24,0.41,-1
2005-05-10,37.81,37.81,36.97,37.0,92800,-0.81,0.84,-2.19,2.27,0.42,-1
2005-05-09,37.6,38.11,37.4,38.0,54300,0.4,0.71,1.05,1.87,0.36,1
2005-05-06,38.0,38.05,37.51,37.72,65000,-0.28,0.54,-0.74,1.43,0.27,-1
2005-05-05,37.33,37.85,37.3,37.81,67700,0.48,0.55,1.27,1.45,0.28,1
2005-05-04,37.0,37.38,36.66,37.33,50000,0.33,0.72,0.88,1.93,0.36,1
2005-05-03,36.93,37.14,36.31,36.93,115500,0.0,0.83,0.0,2.25,0.41,1
2005-05-02,36.7,37.3,36.41,36.9,87500,0.2,0.89,0.54,2.41,0.45,1
2005-04-29,36.65,36.95,35.63,36.62,153800,-0.03,1.32,-0.08,3.6,0.66,1
2005-04-28,37.14,37.14,36.41,36.53,90500,-0.61,0.73,-1.67,2.0,0.37,-1
2005-04-27,37.45,37.72,37.11,37.39,108600,-0.06,0.61,-0.16,1.63,0.3,-1
2005-04-26,37.2,38.23,37.15,37.54,167500,0.34,1.08,0.91,2.88,0.54,1
2005-04-25,37.77,37.77,36.75,37.28,289800,-0.49,1.02,-1.31,2.74,0.51,-1
2005-04-22,37.56,37.77,37.28,37.52,145400,-0.04,0.49,-0.11,1.31,0.25,-1
2005-04-21,37.2,38.0,37.06,37.66,94000,0.46,0.94,1.22,2.5,0.47,1
2005-04-20,37.53,37.53,36.91,37.01,83300,-0.52,0.62,-1.41,1.68,0.31,-1
2005-04-19,36.52,37.75,36.52,37.43,94500,0.91,1.23,2.43,3.29,0.61,1
2005-04-18,36.25,36.81,36.04,36.52,175300,0.27,0.77,0.74,2.11,0.39,1
2005-04-15,37.16,37.24,36.35,36.35,226300,-0.81,0.89,-2.23,2.45,0.45,-1
2005-04-14,37.26,37.43,37.0,37.15,171400,-0.11,0.43,-0.3,1.16,0.21,-1
2005-04-13,37.43,37.68,37.03,37.24,99800,-0.19,0.65,-0.51,1.75,0.32,-1
2005-04-12,37.67,37.69,36.75,37.38,123600,-0.29,0.94,-0.78,2.51,0.47,-1
2005-04-11,36.96,37.72,36.96,37.67,104700,0.71,0.76,1.88,2.02,0.38,1
2005-04-08,37.27,37.51,36.83,36.84,59900,-0.43,0.68,-1.17,1.85,0.34,-1
2005-04-07,37.48,37.49,36.79,37.02,62400,-0.46,0.7,-1.24,1.89,0.35,-1
2005-04-06,37.54,37.98,37.44,37.48,164700,-0.06,0.54,-0.16,1.44,0.27,1
2005-04-05,36.55,37.7,36.55,37.44,260900,0.89,1.15,2.38,3.07,0.58,1
2005-04-04,36.35,36.79,36.0,36.37,300700,0.02,0.79,0.05,2.17,0.39,-1
2005-04-01,36.8,37.13,35.6,36.51,507800,-0.29,1.53,-0.79,4.19,0.77,-1
2005-03-31,36.85,36.89,35.77,36.59,687700,-0.26,1.12,-0.71,3.06,0.56,1
2005-03-30,34.45,35.16,34.2,34.93,253700,0.48,0.96,1.37,2.75,0.48,1
2005-03-29,34.95,35.0,33.66,34.2,159300,-0.75,1.34,-2.19,3.92,0.67,-1
2005-03-28,35.01,35.15,34.68,34.7,309000,-0.31,0.47,-0.89,1.35,0.23,-1
2005-03-24,34.9,35.08,34.74,34.91,394100,0.01,0.34,0.03,0.97,0.17,1
2005-03-23,35.72,35.72,34.39,34.73,258900,-0.99,1.33,-2.85,3.83,0.66,-1
2005-03-22,36.04,36.1,35.51,35.7,161300,-0.34,0.59,-0.95,1.65,0.3,-1
2005-03-21,36.01,36.19,35.86,36.0,146600,-0.01,0.33,-0.03,0.92,0.16,1
2005-03-18,36.03,36.08,35.81,35.95,206100,-0.08,0.27,-0.22,0.75,0.13,-1
2005-03-17,36.58,36.65,36.17,36.28,94400,-0.3,0.48,-0.83,1.32,0.24,-1
2005-03-16,36.86,37.14,36.39,36.45,176800,-0.41,0.75,-1.12,2.06,0.38,-1
2005-03-15,36.25,37.3,36.18,36.96,138800,0.71,1.12,1.92,3.03,0.56,1
2005-03-14,36.11,36.37,35.85,36.07,115100,-0.04,0.52,-0.11,1.44,0.26,-1
2005-03-11,36.2,36.75,36.05,36.11,77100,-0.09,0.7,-0.25,1.94,0.35,-1
2005-03-10,35.7,36.4,35.35,36.4,133300,0.7,1.05,1.92,2.88,0.52,1
2005-03-09,36.25,36.35,35.55,35.55,179000,-0.7,0.8,-1.97,2.25,0.4,-1
2005-03-08,36.5,36.74,36.0,36.36,147800,-0.14,0.74,-0.39,2.04,0.37,-1
2005-03-07,36.6,36.85,36.31,36.65,62000,0.05,0.54,0.14,1.47,0.27,-1
2005-03-04,36.91,37.29,36.76,36.76,283800,-0.15,0.53,-0.41,1.44,0.27,-1
2005-03-03,36.68,36.94,36.51,36.84,263500,0.16,0.43,0.43,1.17,0.21,1
2005-03-02,37.0,37.27,36.68,36.68,99100,-0.32,0.59,-0.87,1.61,0.3,-1
2005-03-01,35.6,37.04,35.6,36.86,141000,1.26,1.44,3.42,3.91,0.72,1
2005-02-28,35.92,36.25,35.25,35.36,157200,-0.56,1.0,-1.58,2.83,0.5,-1
2005-02-25,36.12,36.12,35.67,35.88,116400,-0.24,0.45,-0.67,1.25,0.22,-1
2005-02-24,36.31,36.31,35.75,36.11,45000,-0.2,0.56,-0.55,1.55,0.28,-1
2005-02-23,36.0,36.42,35.9,36.31,64200,0.31,0.52,0.85,1.43,0.26,1
2005-02-22,36.8,37.0,35.85,35.86,169000,-0.94,1.15,-2.62,3.21,0.57,-1
2005-02-18,36.66,36.85,36.22,36.65,22900,-0.01,0.63,-0.03,1.72,0.32,1
2005-02-17,37.06,37.06,36.55,36.62,36900,-0.44,0.51,-1.2,1.39,0.26,-1
2005-02-16,37.05,37.15,36.79,37.06,68900,0.01,0.36,0.03,0.97,0.18,-1
2005-02-15,37.0,37.98,37.0,37.13,128200,0.13,0.98,0.35,2.64,0.49,1
2005-02-14,36.35,36.8,35.92,36.8,134900,0.45,0.88,1.22,2.39,0.44,1
2005-02-11,36.1,36.48,35.85,36.25,119500,0.15,0.63,0.41,1.74,0.31,1
2005-02-10,36.64,36.64,35.96,36.2,143900,-0.44,0.68,-1.22,1.88,0.34,-1
2005-02-09,37.8,38.0,36.51,36.7,94200,-1.1,1.49,-3.0,4.06,0.75,-1
2005-02-08,37.44,37.86,37.35,37.75,65800,0.31,0.51,0.82,1.35,0.25,1
2005-02-07,37.63,38.08,37.32,37.4,42700,-0.23,0.76,-0.61,2.03,0.38,-1
2005-02-04,37.26,37.78,37.03,37.62,44000,0.36,0.75,0.96,1.99,0.38,1
2005-02-03,37.77,37.84,36.97,37.22,134400,-0.55,0.87,-1.48,2.34,0.44,-1
2005-02-02,37.6,37.89,37.33,37.77,74900,0.17,0.56,0.45,1.48,0.28,1
2005-02-01,37.95,38.2,37.38,37.4,179700,-0.55,0.82,-1.47,2.19,0.41,1
2005-01-31,36.55,37.32,36.25,37.18,129200,0.63,1.07,1.69,2.88,0.54,1
2005-01-28,36.83,36.93,36.0,36.07,71700,-0.76,0.93,-2.11,2.58,0.46,-1
2005-01-27,36.11,37.12,35.95,36.93,158900,0.82,1.17,2.22,3.17,0.58,1
2005-01-26,35.27,36.31,35.2,36.1,265700,0.83,1.11,2.3,3.07,0.55,1
2005-01-25,35.9,36.2,33.34,35.07,462700,-0.83,2.86,-2.37,8.16,1.43,-1
2005-01-24,35.77,36.13,35.3,35.83,218700,0.06,0.83,0.17,2.32,0.42,1
2005-01-21,36.99,37.13,35.21,35.77,452400,-1.22,1.92,-3.41,5.37,0.96,-1
2005-01-20,37.15,37.25,36.95,36.99,73500,-0.16,0.3,-0.43,0.81,0.15,-1
2005-01-19,37.67,37.67,37.13,37.2,154500,-0.47,0.54,-1.26,1.45,0.27,-1
2005-01-18,37.4,37.82,37.31,37.67,129500,0.27,0.51,0.72,1.35,0.25,1
2005-01-14,37.11,37.63,37.11,37.55,167900,0.44,0.52,1.17,1.38,0.26,1
2005-01-13,36.74,37.72,36.73,37.04,128000,0.3,0.99,0.81,2.67,0.5,1
2005-01-12,36.97,37.23,36.71,36.74,143800,-0.23,0.52,-0.63,1.42,0.26,-1
2005-01-11,36.81,37.45,36.79,37.07,133800,0.26,0.66,0.7,1.78,0.33,1
2005-01-10,36.7,37.33,36.61,36.7,100700,0.0,0.72,0.0,1.96,0.36,-1
2005-01-07,36.79,37.26,36.6,36.79,478500,0.0,0.66,0.0,1.79,0.33,1
2005-01-06,37.32,37.32,36.15,36.75,638900,-0.57,1.17,-1.55,3.18,0.59,-1
2005-01-05,37.1,37.95,36.7,37.31,989300,0.21,1.25,0.56,3.35,0.62,-1
2005-01-04,40.19,40.66,39.35,39.76,288900,-0.43,1.31,-1.08,3.29,0.65,-1
2005-01-03,41.29,41.63,40.0,40.19,110500,-1.1,1.63,-2.74,4.06,0.82,-1
2004-12-31,41.55,41.57,41.06,41.3,172600,-0.25,0.51,-0.61,1.23,0.25,-1
2004-12-30,40.99,41.61,40.77,41.51,54300,0.52,0.84,1.25,2.02,0.42,1
2004-12-29,40.4,41.28,40.4,41.09,61300,0.69,0.88,1.68,2.14,0.44,1
2004-12-28,40.3,40.64,40.17,40.64,67100,0.34,0.47,0.84,1.16,0.23,1
2004-12-27,40.25,40.69,39.84,40.15,69600,-0.1,0.85,-0.25,2.12,0.42,-1
2004-12-23,40.18,40.5,40.0,40.15,27100,-0.03,0.5,-0.07,1.25,0.25,1
2004-12-22,40.09,40.54,40.0,40.13,41800,0.04,0.54,0.1,1.35,0.27,1
2004-12-21,39.75,40.25,39.75,40.09,80400,0.34,0.5,0.85,1.25,0.25,1
2004-12-20,39.83,40.15,39.25,39.5,114000,-0.33,0.9,-0.84,2.28,0.45,-1
2004-12-17,39.41,39.8,39.22,39.8,61700,0.39,0.58,0.98,1.46,0.29,1
2004-12-16,39.5,39.58,39.11,39.4,50100,-0.1,0.47,-0.25,1.19,0.23,-1
2004-12-15,39.25,39.72,39.1,39.65,45100,0.4,0.62,1.01,1.56,0.31,1
2004-12-14,39.03,39.5,38.81,39.49,105700,0.46,0.69,1.16,1.75,0.34,1
2004-12-13,38.0,39.01,37.73,39.01,142500,1.01,1.28,2.59,3.28,0.64,1
2004-12-10,38.56,38.75,37.79,38.0,114800,-0.56,0.96,-1.47,2.53,0.48,-1
2004-12-09,38.51,38.84,38.41,38.55,135100,0.04,0.43,0.1,1.12,0.22,1
2004-12-08,38.9,39.11,38.5,38.5,113900,-0.4,0.61,-1.04,1.58,0.3,-1
2004-12-07,40.25,40.27,38.66,38.75,125800,-1.5,1.61,-3.87,4.15,0.81,-1
2004-12-06,40.93,40.93,40.25,40.3,52600,-0.63,0.68,-1.56,1.69,0.34,-1
2004-12-03,40.94,41.11,40.74,40.9,46000,-0.04,0.37,-0.1,0.9,0.18,-1
2004-12-02,41.0,41.1,40.55,40.94,179000,-0.06,0.55,-0.15,1.34,0.28,-1
2004-12-01,41.0,41.65,40.75,41.14,119300,0.14,0.9,0.34,2.19,0.45,1
2004-11-30,42.44,42.5,40.8,40.8,95500,-1.64,1.7,-4.02,4.17,0.85,-1
2004-11-29,41.75,42.5,41.37,42.4,226200,0.65,1.13,1.53,2.67,0.57,1
2004-11-26,41.9,41.98,41.65,41.65,21200,-0.25,0.33,-0.6,0.79,0.16,-1
2004-11-24,41.8,42.26,41.57,41.85,41200,0.05,0.69,0.12,1.65,0.34,1
2004-11-23,41.3,42.12,41.15,41.79,63500,0.49,0.97,1.17,2.32,0.48,1
2004-11-22,40.17,42.01,40.17,41.35,317600,1.18,1.84,2.85,4.45,0.92,1
2004-11-19,40.6,41.2,40.06,40.07,342100,-0.53,1.14,-1.32,2.85,0.57,-1
2004-11-18,41.0,41.1,40.29,40.7,212900,-0.3,0.81,-0.74,1.99,0.41,-1
2004-11-17,38.6,41.25,38.6,41.25,581900,2.65,2.65,6.42,6.42,1.32,1
2004-11-16,39.1,39.1,38.35,38.35,81200,-0.75,0.75,-1.96,1.96,0.38,-1
2004-11-15,38.5,39.25,38.5,39.1,63700,0.6,0.75,1.53,1.92,0.38,1
2004-11-12,38.6,38.9,38.4,38.65,134400,0.05,0.5,0.13,1.29,0.25,-1
2004-11-11,38.52,38.75,38.25,38.67,72600,0.15,0.5,0.39,1.29,0.25,1
2004-11-10,38.0,38.98,38.0,38.42,124900,0.42,0.98,1.09,2.55,0.49,1
2004-11-09,38.4,38.66,38.02,38.2,33600,-0.2,0.64,-0.52,1.68,0.32,-1
2004-11-08,39.1,39.1,38.25,38.25,65200,-0.85,0.85,-2.22,2.22,0.43,-1
2004-11-05,39.3,39.45,38.87,39.1,55100,-0.2,0.58,-0.51,1.48,0.29,-1
2004-11-04,38.2,39.3,38.0,39.16,111500,0.96,1.3,2.45,3.32,0.65,1
2004-11-03,38.2,38.6,37.68,38.2,91700,0.0,0.92,0.0,2.41,0.46,1
2004-11-02,37.5,38.79,37.5,38.01,241200,0.51,1.29,1.34,3.39,0.64,1
2004-11-01,36.95,37.38,36.6,37.29,99600,0.34,0.78,0.91,2.09,0.39,1
2004-10-29,37.9,37.95,36.65,37.09,156500,-0.81,1.3,-2.18,3.5,0.65,-1
2004-10-28,37.95,38.15,37.57,38.0,176400,0.05,0.58,0.13,1.53,0.29,1
2004-10-27,37.46,37.95,36.95,37.95,125900,0.49,1.0,1.29,2.64,0.5,1
2004-10-26,37.07,37.46,36.81,37.46,144900,0.39,0.65,1.04,1.74,0.32,1
2004-10-25,36.18,37.33,36.12,37.06,100100,0.88,1.21,2.37,3.26,0.61,1
2004-10-22,36.83,37.13,36.12,36.15,108800,-0.68,1.01,-1.88,2.79,0.51,-1
2004-10-21,36.17,36.87,36.17,36.73,74900,0.56,0.7,1.52,1.91,0.35,1
2004-10-20,35.97,36.45,35.83,36.22,125100,0.25,0.62,0.69,1.71,0.31,1
2004-10-19,36.15,36.15,35.5,35.88,179600,-0.27,0.65,-0.75,1.81,0.32,-1
2004-10-18,36.56,36.56,35.81,35.98,207400,-0.58,0.75,-1.61,2.08,0.38,-1
2004-10-15,36.46,36.92,36.15,36.49,82100,0.03,0.77,0.08,2.11,0.39,1
2004-10-14,36.48,36.57,36.25,36.45,96800,-0.03,0.32,-0.08,0.88,0.16,-1
2004-10-13,37.01,37.08,36.24,36.47,132500,-0.54,0.84,-1.48,2.3,0.42,-1
2004-10-12,37.28,37.34,36.79,36.86,154000,-0.42,0.55,-1.14,1.49,0.28,-1
2004-10-11,37.1,37.37,36.8,37.34,167200,0.24,0.57,0.64,1.53,0.29,1
2004-10-08,37.4,37.74,37.1,37.1,103700,-0.3,0.64,-0.81,1.73,0.32,-1
2004-10-07,38.12,38.39,37.51,37.58,144000,-0.54,0.88,-1.44,2.34,0.44,-1
2004-10-06,37.52,38.4,37.38,38.2,151800,0.68,1.02,1.78,2.67,0.51,1
2004-10-05,38.5,38.5,37.59,37.6,155000,-0.9,0.91,-2.39,2.42,0.45,-1
2004-10-04,40.25,40.25,38.2,38.64,336500,-1.61,2.05,-4.17,5.31,1.02,-1
2004-10-01,39.4,39.8,38.6,39.7,841600,0.3,1.2,0.76,3.02,0.6,1
2004-09-30,37.64,37.65,36.4,37.25,378100,-0.39,1.25,-1.05,3.36,0.62,-1
2004-09-29,37.9,38.68,37.44,37.64,338600,-0.26,1.24,-0.69,3.29,0.62,-1
2004-09-28,37.49,37.8,36.6,37.8,491200,0.31,1.2,0.82,3.17,0.6,-1
2004-09-27,40.25,40.26,37.84,38.0,261100,-2.25,2.42,-5.92,6.37,1.21,-1
2004-09-24,41.55,41.72,40.5,40.5,676200,-1.05,1.22,-2.59,3.01,0.61,-1
2004-09-23,42.2,42.35,41.72,42.07,38900,-0.13,0.63,-0.31,1.5,0.32,1
2004-09-22,41.9,42.5,41.27,42.0,108900,0.1,1.23,0.24,2.93,0.61,-1
2004-09-21,42.0,42.43,41.45,42.0,46200,0.0,0.98,0.0,2.33,0.49,1
2004-09-20,41.84,41.87,41.5,41.76,81900,-0.08,0.37,-0.19,0.89,0.18,1
2004-09-17,42.0,42.0,41.3,41.7,71300,-0.3,0.7,-0.72,1.68,0.35,-1
2004-09-16,41.64,41.95,41.48,41.85,41100,0.21,0.47,0.5,1.12,0.24,1
2004-09-15,42.0,42.0,41.28,41.53,67300,-0.47,0.72,-1.13,1.73,0.36,-1
2004-09-14,42.0,42.22,41.72,41.92,46600,-0.08,0.5,-0.19,1.19,0.25,-1
2004-09-13,42.24,42.3,41.76,41.94,99600,-0.3,0.54,-0.72,1.29,0.27,-1
2004-09-10,42.7,42.75,41.81,42.2,52300,-0.5,0.94,-1.18,2.23,0.47,-1
2004-09-09,42.75,43.16,42.6,42.6,130700,-0.15,0.56,-0.35,1.31,0.28,-1
2004-09-08,42.95,43.26,42.65,42.65,127100,-0.3,0.61,-0.7,1.43,0.3,-1
2004-09-07,42.37,43.45,42.33,43.0,99700,0.63,1.12,1.47,2.6,0.56,1
2004-09-03,41.71,42.15,41.35,42.12,87000,0.41,0.8,0.97,1.9,0.4,1
2004-09-02,40.25,41.92,40.25,41.61,169400,1.36,1.67,3.27,4.01,0.84,1
2004-09-01,40.3,41.2,39.96,40.25,171500,-0.05,1.24,-0.12,3.08,0.62,-1
2004-08-31,40.6,40.84,40.1,40.46,61300,-0.14,0.74,-0.35,1.83,0.37,-1
2004-08-30,42.38,42.42,40.37,40.47,181700,-1.91,2.05,-4.72,5.07,1.03,-1
2004-08-27,41.35,42.67,41.18,42.34,92500,0.99,1.49,2.34,3.52,0.75,1
2004-08-26,41.9,41.9,41.05,41.29,49300,-0.61,0.85,-1.48,2.06,0.43,-1
2004-08-25,41.34,41.59,40.81,41.52,145900,0.18,0.78,0.43,1.88,0.39,1
2004-08-24,41.85,42.2,41.33,41.34,100500,-0.51,0.87,-1.23,2.1,0.44,1
2004-08-23,40.76,41.25,40.5,40.85,169200,0.09,0.75,0.22,1.84,0.38,1
2004-08-20,39.68,41.12,39.65,40.76,170000,1.08,1.47,2.65,3.61,0.73,1
2004-08-19,39.25,40.09,38.75,39.68,259800,0.43,1.34,1.08,3.38,0.67,1
2004-08-18,39.0,39.61,38.65,39.36,99400,0.36,0.96,0.91,2.44,0.48,1
2004-08-17,38.27,39.24,38.27,39.05,183000,0.78,0.97,2.0,2.48,0.48,1
2004-08-16,36.63,38.6,36.63,38.37,142600,1.74,1.97,4.53,5.13,0.98,1
2004-08-13,37.86,37.86,36.53,36.73,154500,-1.13,1.33,-3.08,3.62,0.66,-1
2004-08-12,38.0,38.1,37.2,37.76,128100,-0.24,0.9,-0.64,2.38,0.45,-1
2004-08-11,38.05,38.36,37.25,38.25,109100,0.2,1.11,0.52,2.9,0.55,-1
2004-08-10,37.56,38.46,37.49,38.3,138500,0.74,0.97,1.93,2.53,0.48,1
2004-08-09,36.75,37.76,36.63,37.76,145700,1.01,1.13,2.67,2.99,0.56,1
2004-08-06,37.36,37.36,36.25,36.78,105400,-0.58,1.11,-1.58,3.02,0.55,-1
2004-08-05,38.36,38.55,37.33,37.61,165600,-0.75,1.22,-1.99,3.24,0.61,-1
2004-08-04,38.2,38.99,37.9,38.35,87200,0.15,1.09,0.39,2.84,0.55,-1
2004-08-03,39.13,39.25,38.45,38.45,78600,-0.68,0.8,-1.77,2.08,0.4,-1
2004-08-02,39.5,39.75,38.76,39.1,212000,-0.4,0.99,-1.02,2.53,0.5,-1
2004-07-30,40.0,40.4,39.52,39.57,129300,-0.43,0.88,-1.09,2.22,0.44,-1
2004-07-29,39.5,40.15,38.89,40.0,164700,0.5,1.26,1.25,3.15,0.63,-1
2004-07-28,39.05,40.35,38.96,40.1,105600,1.05,1.39,2.62,3.47,0.7,1
2004-07-27,37.22,39.34,37.22,39.26,130500,2.04,2.12,5.2,5.4,1.06,1
2004-07-26,37.25,37.72,37.1,37.32,70400,0.07,0.62,0.19,1.66,0.31,-1
2004-07-23,37.8,37.8,37.25,37.5,71600,-0.3,0.55,-0.8,1.47,0.27,-1
2004-07-22,38.0,38.12,37.05,37.77,100300,-0.23,1.07,-0.61,2.83,0.54,-1
2004-07-21,39.31,39.31,38.0,38.0,76900,-1.31,1.31,-3.45,3.45,0.66,-1
2004-07-20,37.7,39.23,37.7,39.21,82000,1.51,1.53,3.85,3.9,0.76,1
2004-07-19,39.5,39.75,37.75,37.87,103700,-1.63,2.0,-4.3,5.28,1.0,-1
2004-07-16,39.6,39.89,39.24,39.25,115400,-0.35,0.65,-0.89,1.66,0.32,-1
2004-07-15,39.75,39.86,38.86,39.4,58700,-0.35,1.0,-0.89,2.54,0.5,-1
2004-07-14,40.26,40.28,39.03,39.92,79600,-0.34,1.25,-0.85,3.13,0.62,-1
2004-07-13,40.3,40.83,40.22,40.26,39700,-0.04,0.61,-0.1,1.52,0.3,-1
2004-07-12,40.56,40.6,39.83,40.41,67700,-0.15,0.77,-0.37,1.91,0.39,-1
2004-07-09,40.75,41.0,40.13,40.55,72700,-0.2,0.87,-0.49,2.15,0.43,-1
2004-07-08,41.9,41.91,40.47,40.56,78900,-1.34,1.44,-3.3,3.55,0.72,-1
2004-07-07,42.07,42.59,41.69,41.99,111400,-0.08,0.9,-0.19,2.14,0.45,-1
2004-07-06,42.92,43.3,41.6,41.99,85500,-0.93,1.7,-2.21,4.05,0.85,-1
2004-07-02,42.45,42.95,42.22,42.67,55000,0.22,0.73,0.52,1.71,0.37,1
2004-07-01,44.06,44.5,42.01,42.2,125400,-1.86,2.49,-4.41,5.9,1.25,-1
2004-06-30,44.06,44.1,43.25,43.56,148800,-0.5,0.85,-1.15,1.95,0.43,-1
2004-06-29,44.13,44.82,42.77,43.81,206000,-0.32,2.05,-0.73,4.68,1.02,-1
2004-06-28,43.49,45.14,43.44,44.12,143200,0.63,1.7,1.43,3.85,0.85,1
2004-06-25,43.8,44.11,43.38,43.41,176900,-0.39,0.73,-0.9,1.68,0.36,-1
2004-06-24,43.8,44.15,43.59,43.81,105400,0.01,0.56,0.02,1.28,0.28,-1
2004-06-23,44.05,44.4,43.36,43.86,204900,-0.19,1.04,-0.43,2.37,0.52,1
2004-06-22,42.9,44.59,42.8,43.8,297100,0.9,1.79,2.05,4.09,0.9,1
2004-06-21,39.85,44.86,39.75,43.5,1015500,3.65,5.11,8.39,11.75,2.55,1
2004-06-18,36.15,36.45,36.0,36.1,96700,-0.05,0.45,-0.14,1.25,0.23,1
2004-06-17,35.78,35.84,35.15,35.78,77600,0.0,0.69,0.0,1.93,0.35,-1
2004-06-16,36.23,36.23,35.65,36.03,60300,-0.2,0.58,-0.56,1.61,0.29,1
2004-06-15,35.82,36.25,35.72,35.98,74900,0.16,0.53,0.44,1.47,0.27,1
2004-06-14,36.17,36.24,35.51,35.57,71500,-0.6,0.73,-1.69,2.05,0.37,-1
2004-06-10,36.46,36.81,36.27,36.42,77700,-0.04,0.54,-0.11,1.48,0.27,-1
2004-06-09,37.65,37.65,36.58,36.71,96500,-0.94,1.07,-2.56,2.91,0.54,-1
2004-06-08,36.35,37.71,36.35,37.71,149500,1.36,1.36,3.61,3.61,0.68,1
2004-06-07,36.47,36.59,35.56,36.39,141500,-0.08,1.03,-0.22,2.83,0.52,-1
2004-06-04,36.5,37.0,36.25,36.55,158600,0.05,0.75,0.14,2.05,0.38,1
2004-06-03,36.35,36.61,36.21,36.25,115900,-0.1,0.4,-0.28,1.1,0.2,-1
2004-06-02,36.7,36.71,36.31,36.35,217400,-0.35,0.4,-0.96,1.1,0.2,-1
2004-06-01,36.84,36.93,36.2,36.79,162600,-0.05,0.73,-0.14,1.98,0.36,-1
2004-05-28,36.5,37.1,35.9,36.85,754500,0.35,1.2,0.95,3.26,0.6,-1
2004-05-27,39.0,39.23,38.37,38.94,177400,-0.06,0.86,-0.15,2.21,0.43,-1
2004-05-26,39.5,39.7,38.8,39.12,134500,-0.38,0.9,-0.97,2.3,0.45,-1
2004-05-25,37.6,39.46,37.47,39.27,134900,1.67,1.99,4.25,5.07,1.0,1
2004-05-24,37.59,38.3,37.44,37.75,101700,0.16,0.86,0.42,2.28,0.43,1
2004-05-21,36.53,37.35,36.4,37.34,77300,0.81,0.95,2.17,2.54,0.48,1
2004-05-20,36.05,36.81,35.18,36.33,82300,0.28,1.63,0.77,4.49,0.82,1
2004-05-19,36.45,37.16,36.15,36.2,92900,-0.25,1.01,-0.69,2.79,0.5,-1
2004-05-18,36.15,36.6,35.93,36.29,55400,0.14,0.67,0.39,1.85,0.34,1
2004-05-17,36.05,36.8,35.9,36.15,71100,0.1,0.9,0.28,2.49,0.45,-1
2004-05-14,36.98,37.21,36.03,36.56,114200,-0.42,1.18,-1.15,3.23,0.59,-1
2004-05-13,36.73,38.0,36.73,36.9,132500,0.17,1.27,0.46,3.44,0.64,1
2004-05-12,36.85,37.38,35.5,36.77,221400,-0.08,1.88,-0.22,5.11,0.94,1
2004-05-11,35.99,37.17,35.99,36.75,101900,0.76,1.18,2.07,3.21,0.59,1
2004-05-10,35.0,36.15,35.0,35.74,235300,0.74,1.15,2.07,3.22,0.57,-1
2004-05-07,37.06,38.14,35.65,35.98,133500,-1.08,2.49,-3.0,6.92,1.25,-1
2004-05-06,38.86,39.0,36.5,37.05,204000,-1.81,2.5,-4.89,6.75,1.25,-1
2004-05-05,39.2,39.2,38.5,38.61,56000,-0.59,0.7,-1.53,1.81,0.35,-1
2004-05-04,39.24,39.25,38.02,39.21,124400,-0.03,1.23,-0.08,3.14,0.61,-1
2004-05-03,38.73,39.49,38.3,39.24,135400,0.51,1.19,1.3,3.03,0.6,1
2004-04-30,40.58,40.89,38.52,38.98,207900,-1.6,2.37,-4.1,6.08,1.18,-1
2004-04-29,41.25,41.48,39.56,40.58,157200,-0.67,1.92,-1.65,4.73,0.96,-1
2004-04-28,42.78,42.85,40.7,41.7,153000,-1.08,2.15,-2.59,5.16,1.07,-1
2004-04-27,43.9,43.9,42.65,42.78,63400,-1.12,1.25,-2.62,2.92,0.62,-1
2004-04-26,43.78,44.01,43.15,43.89,57700,0.11,0.86,0.25,1.96,0.43,1
2004-04-23,43.86,44.0,43.01,43.66,31900,-0.2,0.99,-0.46,2.27,0.5,-1
2004-04-22,43.28,44.18,42.9,43.76,70600,0.48,1.28,1.1,2.93,0.64,1
2004-04-21,42.75,43.53,42.4,43.2,69800,0.45,1.13,1.04,2.62,0.57,1
2004-04-20,43.08,43.88,42.65,42.75,88300,-0.33,1.23,-0.77,2.88,0.62,-1
2004-04-19,43.75,43.8,42.69,43.08,121200,-0.67,1.11,-1.56,2.58,0.55,-1
2004-04-16,43.0,44.01,42.5,43.85,87100,0.85,1.51,1.94,3.44,0.75,1
2004-04-15,43.79,43.79,42.42,43.01,183300,-0.78,1.37,-1.81,3.19,0.68,-1
2004-04-14,44.85,44.85,43.57,43.79,109600,-1.06,1.28,-2.42,2.92,0.64,-1
2004-04-13,46.45,46.45,44.5,45.25,98500,-1.2,1.95,-2.65,4.31,0.98,-1
2004-04-12,46.06,46.5,45.6,46.2,109900,0.14,0.9,0.3,1.95,0.45,1
2004-04-08,46.95,46.95,46.0,46.03,64500,-0.92,0.95,-2.0,2.06,0.48,-1
2004-04-07,46.05,46.85,45.85,46.8,76300,0.75,1.0,1.6,2.14,0.5,1
2004-04-06,45.9,46.36,45.75,46.0,87800,0.1,0.61,0.22,1.33,0.3,-1
2004-04-05,45.13,46.09,44.5,46.01,227800,0.88,1.59,1.91,3.46,0.8,1
2004-04-02,46.43,47.5,45.31,45.38,219200,-1.05,2.19,-2.31,4.83,1.09,-1
2004-04-01,46.1,46.65,45.8,46.43,109900,0.33,0.85,0.71,1.83,0.43,1
2004-03-31,45.45,46.19,45.45,46.19,130600,0.74,0.74,1.6,1.6,0.37,1
2004-03-30,45.88,45.95,45.5,45.5,62000,-0.38,0.45,-0.84,0.99,0.23,-1
2004-03-29,45.55,46.2,45.55,45.88,111900,0.33,0.65,0.72,1.42,0.33,1
2004-03-26,45.45,45.6,45.25,45.38,73900,-0.07,0.35,-0.15,0.77,0.18,-1
2004-03-25,44.51,45.6,44.51,45.39,39700,0.88,1.09,1.94,2.4,0.55,1
2004-03-24,44.44,44.6,44.26,44.51,35000,0.07,0.34,0.16,0.76,0.17,1
2004-03-23,44.05,44.86,44.05,44.37,55800,0.32,0.81,0.72,1.83,0.41,1
2004-03-22,44.75,44.75,43.85,43.9,75100,-0.85,0.9,-1.94,2.05,0.45,-1
2004-03-19,45.0,45.06,44.68,44.95,126000,-0.05,0.38,-0.11,0.85,0.19,-1
2004-03-18,45.0,45.1,44.78,44.99,90800,-0.01,0.32,-0.02,0.71,0.16,-1
2004-03-17,44.99,45.16,44.71,45.0,141900,0.01,0.45,0.02,1.0,0.22,1
2004-03-16,45.71,45.99,43.65,44.93,122000,-0.78,2.34,-1.74,5.21,1.17,-1
2004-03-15,46.5,46.51,45.61,45.7,67900,-0.8,0.9,-1.75,1.97,0.45,-1
2004-03-12,46.25,46.7,46.05,46.69,62800,0.44,0.65,0.94,1.39,0.33,1
2004-03-11,45.8,46.47,45.5,46.0,63900,0.2,0.97,0.43,2.11,0.48,1
2004-03-10,46.67,46.67,45.56,45.9,145600,-0.77,1.11,-1.68,2.42,0.55,-1
2004-03-09,46.2,46.65,46.2,46.47,135500,0.27,0.45,0.58,0.97,0.22,1
2004-03-08,46.2,46.6,46.1,46.45,77600,0.25,0.5,0.54,1.08,0.25,1
2004-03-05,46.35,46.4,45.5,46.4,61400,0.05,0.9,0.11,1.94,0.45,1
2004-03-04,45.26,46.1,45.21,46.1,60800,0.84,0.89,1.82,1.93,0.45,1
2004-03-03,45.25,45.8,44.4,45.01,77200,-0.24,1.4,-0.53,3.11,0.7,-1
2004-03-02,45.46,45.7,45.0,45.07,57200,-0.39,0.7,-0.87,1.55,0.35,-1
2004-03-01,44.2,45.66,44.2,45.46,84700,1.26,1.46,2.77,3.21,0.73,1
2004-02-27,43.9,44.45,43.85,43.95,46300,0.05,0.6,0.11,1.37,0.3,1
2004-02-26,44.48,44.48,43.43,43.88,64900,-0.6,1.05,-1.37,2.39,0.52,-1
2004-02-25,43.76,44.47,43.63,44.24,68800,0.48,0.84,1.08,1.9,0.42,1
2004-02-24,43.0,43.7,42.55,43.51,92600,0.51,1.15,1.17,2.64,0.58,1
2004-02-23,43.2,43.21,42.68,43.03,100900,-0.17,0.53,-0.4,1.23,0.27,-1
2004-02-20,42.3,43.25,42.2,43.23,75100,0.93,1.05,2.15,2.43,0.52,1
2004-02-19,42.0,42.95,41.9,42.21,93400,0.21,1.05,0.5,2.49,0.53,1
2004-02-18,42.28,42.6,41.31,41.8,88100,-0.48,1.29,-1.15,3.09,0.64,-1
2004-02-17,41.35,42.75,41.26,42.28,66400,0.93,1.49,2.2,3.52,0.75,1
2004-02-13,44.41,44.41,41.2,41.23,117600,-3.18,3.21,-7.71,7.79,1.6,-1
2004-02-12,43.43,44.69,42.75,44.41,189400,0.98,1.94,2.21,4.37,0.97,1
2004-02-11,42.46,43.6,42.2,43.55,158900,1.09,1.4,2.5,3.21,0.7,1
2004-02-10,41.65,42.62,41.3,42.21,160500,0.56,1.32,1.33,3.13,0.66,1
2004-02-09,40.65,42.38,40.55,41.65,156000,1.0,1.83,2.4,4.39,0.92,1
2004-02-06,39.02,40.8,38.84,40.7,153800,1.68,1.96,4.13,4.82,0.98,1
2004-02-05,38.6,39.18,38.48,38.77,96300,0.17,0.7,0.44,1.81,0.35,1
2004-02-04,38.81,39.3,38.39,38.73,125500,-0.08,0.91,-0.21,2.35,0.45,1
2004-02-03,39.05,39.25,38.21,38.56,111800,-0.49,1.04,-1.27,2.7,0.52,-1
2004-02-02,38.35,38.65,37.95,38.65,119500,0.3,0.7,0.78,1.81,0.35,1
2004-01-30,38.02,38.4,37.79,38.3,56000,0.28,0.61,0.73,1.59,0.3,1
2004-01-29,37.99,38.68,37.99,38.02,74700,0.03,0.69,0.08,1.81,0.34,1
2004-01-28,37.61,38.25,37.45,37.95,80000,0.34,0.8,0.9,2.11,0.4,1
2004-01-27,37.8,38.24,37.22,37.86,96800,0.06,1.02,0.16,2.69,0.51,1
2004-01-26,38.1,38.14,37.24,37.7,92600,-0.4,0.9,-1.06,2.39,0.45,-1
2004-01-23,37.7,38.49,37.42,38.22,85500,0.52,1.07,1.36,2.8,0.54,1
2004-01-22,38.7,39.0,37.84,37.84,111700,-0.86,1.16,-2.27,3.07,0.58,-1
2004-01-21,38.1,38.74,37.71,38.51,220000,0.41,1.03,1.06,2.67,0.52,1
2004-01-20,38.5,38.75,37.7,38.2,248400,-0.3,1.05,-0.79,2.75,0.52,-1
2004-01-16,38.28,38.56,37.9,38.35,91900,0.07,0.66,0.18,1.72,0.33,1
2004-01-15,37.65,37.91,37.25,37.84,83300,0.19,0.66,0.5,1.74,0.33,1
2004-01-14,37.26,37.8,37.15,37.45,63300,0.19,0.65,0.51,1.74,0.32,1
2004-01-13,37.05,37.4,36.52,37.06,87000,0.01,0.88,0.03,2.37,0.44,-1
2004-01-12,35.6,37.39,35.6,37.33,207600,1.73,1.79,4.63,4.8,0.89,1
2004-01-09,35.53,36.15,35.4,35.6,149000,0.07,0.75,0.2,2.11,0.38,-1
2004-01-08,36.06,37.44,35.31,35.78,375700,-0.28,2.13,-0.78,5.95,1.06,1
2004-01-07,34.61,35.25,34.17,35.2,128000,0.59,1.08,1.68,3.07,0.54,1
2004-01-06,34.97,34.97,34.13,34.6,82300,-0.37,0.84,-1.07,2.43,0.42,-1
2004-01-05,34.26,35.03,34.26,34.85,86800,0.59,0.77,1.69,2.21,0.39,1
2004-01-02,34.0,34.99,34.0,34.22,275200,0.22,0.99,0.64,2.89,0.5,1
2003-12-31,33.75,34.34,33.5,33.88,83600,0.13,0.84,0.38,2.48,0.42,1
2003-12-30,33.85,33.99,33.25,33.55,88800,-0.3,0.74,-0.89,2.21,0.37,-1
2003-12-29,33.75,34.11,33.56,33.91,24700,0.16,0.55,0.47,1.62,0.27,1
2003-12-26,34.0,34.0,33.8,33.88,12700,-0.12,0.2,-0.35,0.59,0.1,-1
2003-12-24,34.3,34.3,33.65,33.96,13300,-0.34,0.65,-1.0,1.91,0.32,-1
2003-12-23,33.45,34.2,33.44,34.2,30400,0.75,0.76,2.19,2.22,0.38,1
2003-12-22,33.5,33.96,33.1,33.33,96300,-0.17,0.86,-0.51,2.58,0.43,1
2003-12-19,33.5,33.69,33.2,33.3,96600,-0.2,0.49,-0.6,1.47,0.24,-1
2003-12-18,33.74,34.38,33.51,33.73,83000,-0.01,0.87,-0.03,2.58,0.44,-1
2003-12-17,32.85,33.74,32.8,33.74,121800,0.89,0.94,2.64,2.79,0.47,1
2003-12-16,33.09,33.09,32.41,32.77,170900,-0.32,0.68,-0.98,2.08,0.34,-1
2003-12-15,33.5,33.8,32.6,32.84,147700,-0.66,1.2,-2.01,3.65,0.6,1
2003-12-12,32.95,33.9,32.35,32.55,367700,-0.4,1.55,-1.23,4.76,0.77,1
2003-12-11,30.34,31.5,30.0,31.35,286700,1.01,1.5,3.22,4.78,0.75,1
2003-12-10,30.4,30.62,29.6,30.29,232700,-0.11,1.02,-0.36,3.37,0.51,-1
2003-12-09,32.0,32.23,30.63,30.81,87000,-1.19,1.6,-3.86,5.19,0.8,-1
2003-12-08,32.6,32.7,31.6,31.8,82300,-0.8,1.1,-2.52,3.46,0.55,-1
2003-12-05,33.49,33.85,32.58,32.6,90600,-0.89,1.27,-2.73,3.9,0.64,-1
2003-12-04,33.55,33.58,32.55,33.49,53500,-0.06,1.03,-0.18,3.08,0.52,-1
2003-12-03,34.6,34.6,33.42,33.6,74700,-1.0,1.18,-2.98,3.51,0.59,-1
2003-12-02,34.6,34.77,34.35,34.37,89200,-0.23,0.42,-0.67,1.22,0.21,-1
2003-12-01,68.03,69.32,68.03,68.8,93800,0.77,1.29,1.12,1.87,0.64,1
2003-11-28,66.52,68.41,66.52,68.28,12600,1.76,1.89,2.58,2.77,0.95,1
2003-11-26,65.47,66.87,64.86,66.55,59200,1.08,2.01,1.62,3.02,1.01,1
2003-11-25,65.1,65.69,64.85,64.96,61300,-0.14,0.84,-0.22,1.29,0.42,1
2003-11-24,65.5,65.75,64.7,64.85,36400,-0.65,1.05,-1.0,1.62,0.52,-1
2003-11-21,64.95,65.25,64.83,65.15,19700,0.2,0.42,0.31,0.64,0.21,1
2003-11-20,64.55,64.99,64.29,64.7,34300,0.15,0.7,0.23,1.08,0.35,1
2003-11-19,63.85,66.4,63.85,64.65,39300,0.8,2.55,1.24,3.94,1.28,1
2003-11-18,64.57,64.84,63.4,63.85,33700,-0.72,1.44,-1.13,2.26,0.72,-1
2003-11-17,64.8,64.95,63.65,64.32,56400,-0.48,1.3,-0.75,2.02,0.65,-1
2003-11-14,64.96,65.0,64.35,64.95,68300,-0.01,0.65,-0.02,1.0,0.33,-1
2003-11-13,65.8,66.4,65.55,65.55,56700,-0.25,0.85,-0.38,1.3,0.43,-1
2003-11-12,66.45,66.66,65.73,66.05,57500,-0.4,0.93,-0.61,1.41,0.46,-1
2003-11-11,67.55,67.55,66.15,66.7,79100,-0.85,1.4,-1.27,2.1,0.7,-1
2003-11-10,68.9,70.7,67.8,67.8,66500,-1.1,2.9,-1.62,4.28,1.45,-1
2003-11-07,69.15,69.5,68.68,68.68,19400,-0.47,0.82,-0.68,1.19,0.41,-1
2003-11-06,69.51,69.51,68.9,68.9,26200,-0.61,0.61,-0.89,0.89,0.3,-1
2003-11-05,69.7,70.0,69.3,69.31,12000,-0.39,0.7,-0.56,1.01,0.35,-1
2003-11-04,70.07,70.91,69.7,69.7,29400,-0.37,1.21,-0.53,1.74,0.6,-1
2003-11-03,68.5,70.01,68.5,69.84,63000,1.34,1.51,1.92,2.16,0.76,1
2003-10-31,68.32,68.7,68.0,68.5,29000,0.18,0.7,0.26,1.02,0.35,1
2003-10-30,69.55,69.84,68.25,68.32,30400,-1.23,1.59,-1.8,2.33,0.8,-1
2003-10-29,69.75,69.8,69.0,69.3,23400,-0.45,0.8,-0.65,1.15,0.4,-1
2003-10-28,68.75,69.5,68.7,69.5,26900,0.75,0.8,1.08,1.15,0.4,1
2003-10-27,67.31,68.8,67.31,68.55,33700,1.24,1.49,1.81,2.17,0.74,1
2003-10-24,66.84,67.5,66.51,67.21,59400,0.37,0.99,0.55,1.47,0.49,1
2003-10-23,67.33,67.95,66.17,66.76,68200,-0.57,1.78,-0.85,2.67,0.89,-1
2003-10-22,68.79,68.79,67.35,67.58,50800,-1.21,1.44,-1.79,2.13,0.72,-1
2003-10-21,68.92,69.62,68.4,68.79,58400,-0.13,1.22,-0.19,1.77,0.61,-1
2003-10-20,70.0,70.27,68.85,68.86,25100,-1.14,1.42,-1.66,2.06,0.71,-1
2003-10-17,71.2,71.65,69.74,70.2,52300,-1.0,1.91,-1.42,2.72,0.96,-1
2003-10-16,69.95,71.05,69.63,71.05,45500,1.1,1.42,1.55,2.0,0.71,1
2003-10-15,69.75,69.9,69.55,69.9,20300,0.15,0.35,0.21,0.5,0.18,1
2003-10-14,69.4,69.85,69.2,69.75,123700,0.35,0.65,0.5,0.93,0.32,1
2003-10-13,69.4,69.6,69.34,69.4,75600,0.0,0.26,0.0,0.37,0.13,1
2003-10-10,69.99,70.0,69.04,69.38,32700,-0.61,0.96,-0.88,1.38,0.48,-1
2003-10-09,70.58,71.0,69.51,69.99,88200,-0.59,1.49,-0.84,2.13,0.74,-1
2003-10-08,70.7,70.75,70.24,70.43,60700,-0.27,0.51,-0.38,0.72,0.26,-1
2003-10-07,71.05,71.22,70.4,70.54,62800,-0.51,0.82,-0.72,1.16,0.41,1
2003-10-06,68.55,70.5,68.55,70.41,72200,1.86,1.95,2.64,2.77,0.98,1
2003-10-03,66.4,69.95,66.4,68.49,280400,2.09,3.55,3.05,5.18,1.77,1
2003-10-02,65.65,65.69,64.19,64.19,107100,-1.46,1.5,-2.27,2.34,0.75,-1
2003-10-01,64.3,66.25,64.3,65.5,185100,1.2,1.95,1.83,2.98,0.98,1
2003-09-30,63.0,64.8,62.45,64.2,160600,1.2,2.35,1.87,3.66,1.17,1
2003-09-29,63.85,63.85,61.7,63.05,120100,-0.8,2.15,-1.27,3.41,1.07,-1
2003-09-26,63.42,64.0,61.1,63.6,179200,0.18,2.9,0.28,4.56,1.45,1
2003-09-25,62.7,63.87,62.3,63.12,71500,0.42,1.57,0.67,2.49,0.79,1
2003-09-24,62.72,63.29,61.55,62.7,41900,-0.02,1.74,-0.03,2.78,0.87,1
2003-09-23,62.74,62.9,62.23,62.47,59300,-0.27,0.67,-0.43,1.07,0.34,1
2003-09-22,61.8,62.5,61.6,62.25,37800,0.45,0.9,0.72,1.45,0.45,1
2003-09-19,62.25,62.9,61.66,61.8,52600,-0.45,1.24,-0.73,2.01,0.62,-1
2003-09-18,60.95,62.31,60.9,62.0,58900,1.05,1.41,1.69,2.27,0.71,1
2003-09-17,61.4,61.4,59.65,60.7,127200,-0.7,1.75,-1.15,2.88,0.88,-1
2003-09-16,60.89,61.93,60.89,61.37,57900,0.48,1.04,0.78,1.69,0.52,1
2003-09-15,60.75,62.3,60.42,60.69,151400,-0.06,1.88,-0.1,3.1,0.94,-1
2003-09-12,59.8,61.55,59.3,60.89,120800,1.09,2.25,1.79,3.7,1.12,1
2003-09-11,57.81,59.8,57.81,59.8,197400,1.99,1.99,3.33,3.33,0.99,1
2003-09-10,57.7,58.75,57.3,58.06,178400,0.36,1.45,0.62,2.5,0.73,1
2003-09-09,61.1,61.1,57.85,57.9,125400,-3.2,3.25,-5.53,5.61,1.62,-1
2003-09-08,61.99,62.74,61.1,61.33,128100,-0.66,1.64,-1.08,2.67,0.82,-1
2003-09-05,61.15,62.4,60.1,62.0,47300,0.85,2.3,1.37,3.71,1.15,1
2003-09-04,60.4,61.65,60.25,61.29,83500,0.89,1.4,1.45,2.28,0.7,1
2003-09-03,58.9,60.6,58.9,60.4,244800,1.5,1.7,2.48,2.81,0.85,1
2003-09-02,59.8,59.99,58.7,58.7,148900,-1.1,1.29,-1.87,2.2,0.64,-1
2003-08-29,59.8,59.89,59.47,59.6,14100,-0.2,0.42,-0.34,0.7,0.21,-1
2003-08-28,59.8,60.0,59.5,59.8,49000,0.0,0.5,0.0,0.84,0.25,1
2003-08-27,57.77,61.29,57.77,59.63,345500,1.86,3.52,3.12,5.9,1.76,1
2003-08-26,56.22,58.35,55.97,58.02,73000,1.8,2.38,3.1,4.1,1.19,1
2003-08-25,55.0,56.38,54.5,56.22,28100,1.22,1.88,2.17,3.34,0.94,1
2003-08-22,54.51,55.65,54.5,54.9,64600,0.39,1.15,0.71,2.09,0.57,1
2003-08-21,56.0,56.5,54.65,54.76,78500,-1.24,1.85,-2.26,3.38,0.93,-1
2003-08-20,53.45,55.7,53.45,55.65,62600,2.2,2.25,3.95,4.04,1.12,1
2003-08-19,53.1,53.59,52.8,53.35,59300,0.25,0.79,0.47,1.48,0.4,1
2003-08-18,52.25,53.5,52.25,53.3,55600,1.05,1.25,1.97,2.35,0.62,1
2003-08-15,52.2,52.22,51.99,52.15,24500,-0.05,0.23,-0.1,0.44,0.11,1
2003-08-14,51.12,52.15,51.0,51.71,39000,0.59,1.15,1.14,2.22,0.57,1
2003-08-13,50.25,51.5,50.25,51.33,60800,1.08,1.25,2.1,2.44,0.62,1
2003-08-12,49.0,50.3,49.0,50.0,57700,1.0,1.3,2.0,2.6,0.65,1
2003-08-11,48.85,49.15,48.4,48.77,29800,-0.08,0.75,-0.16,1.54,0.38,1
2003-08-08,49.9,49.9,48.4,48.6,139400,-1.3,1.5,-2.67,3.09,0.75,-1
2003-08-07,49.76,50.75,49.76,49.9,81700,0.14,0.99,0.28,1.98,0.5,1
2003-08-06,49.36,50.01,49.33,49.51,28600,0.15,0.68,0.3,1.37,0.34,1
2003-08-05,49.57,50.1,48.75,49.41,123800,-0.16,1.35,-0.32,2.73,0.68,-1
2003-08-04,50.1,51.0,49.88,49.88,167400,-0.22,1.12,-0.44,2.25,0.56,1
2003-08-01,47.76,49.98,47.4,49.6,240600,1.84,2.58,3.71,5.2,1.29,1
2003-07-31,45.83,48.36,45.83,47.56,479800,1.73,2.53,3.64,5.32,1.27,1
2003-07-30,45.7,46.05,45.21,45.81,37900,0.11,0.84,0.24,1.83,0.42,1
2003-07-29,46.45,46.45,44.8,45.6,70000,-0.85,1.65,-1.86,3.62,0.83,-1
2003-07-28,46.95,46.99,46.2,46.45,24500,-0.5,0.79,-1.08,1.7,0.39,-1
2003-07-25,47.05,47.1,46.55,46.75,31400,-0.3,0.55,-0.64,1.18,0.28,-1
2003-07-24,47.65,47.7,46.95,46.95,33200,-0.7,0.75,-1.49,1.6,0.38,-1
2003-07-23,47.38,47.75,46.63,47.59,118700,0.21,1.12,0.44,2.35,0.56,-1
2003-07-22,47.43,48.16,47.43,47.7,84300,0.27,0.73,0.57,1.53,0.36,1
2003-07-21,48.5,49.6,46.77,47.63,187300,-0.87,2.83,-1.83,5.94,1.41,-1
2003-07-18,46.46,49.44,46.46,49.11,365100,2.65,2.98,5.4,6.07,1.49,1
2003-07-17,47.6,47.88,45.5,46.45,108800,-1.15,2.38,-2.48,5.12,1.19,-1
2003-07-16,47.8,47.8,46.6,47.4,43700,-0.4,1.2,-0.84,2.53,0.6,-1
2003-07-15,48.45,48.5,47.65,47.65,92700,-0.8,0.85,-1.68,1.78,0.43,-1
2003-07-14,49.47,50.1,47.8,48.2,80900,-1.27,2.3,-2.63,4.77,1.15,-1
2003-07-11,47.7,49.5,47.7,49.22,72400,1.52,1.8,3.09,3.66,0.9,1
2003-07-10,47.8,48.41,47.64,48.0,38100,0.2,0.77,0.42,1.6,0.38,-1
2003-07-09,47.45,48.29,47.0,48.28,110100,0.83,1.29,1.72,2.67,0.64,1
2003-07-08,46.45,48.11,46.1,47.53,138100,1.08,2.01,2.27,4.23,1.0,1
2003-07-07,42.31,46.49,42.31,46.33,330600,4.02,4.18,8.68,9.02,2.09,1
2003-07-03,42.56,42.56,42.25,42.31,87500,-0.25,0.31,-0.59,0.73,0.16,-1
2003-07-02,41.51,42.67,41.3,42.56,76900,1.05,1.37,2.47,3.22,0.69,1
2003-07-01,41.0,42.0,40.9,41.51,110000,0.51,1.1,1.23,2.65,0.55,-1
2003-06-30,39.4,41.6,39.04,41.52,157100,2.12,2.56,5.11,6.17,1.28,1
2003-06-27,41.65,41.65,39.57,39.6,76600,-2.05,2.08,-5.18,5.25,1.04,-1
2003-06-26,42.0,42.66,41.75,41.75,64000,-0.25,0.91,-0.6,2.18,0.45,-1
2003-06-25,40.66,41.81,40.4,41.76,44700,1.1,1.41,2.63,3.38,0.71,1
2003-06-24,40.8,40.94,40.28,40.65,34900,-0.15,0.66,-0.37,1.62,0.33,-1
2003-06-23,42.4,42.46,40.61,40.99,54400,-1.41,1.85,-3.44,4.51,0.93,-1
2003-06-20,42.15,42.26,41.7,42.26,49800,0.11,0.56,0.26,1.33,0.28,1
2003-06-19,42.2,42.55,42.1,42.2,95600,0.0,0.45,0.0,1.07,0.22,-1
2003-06-18,41.75,42.65,41.72,42.36,67200,0.61,0.93,1.44,2.2,0.46,1
2003-06-17,42.73,42.74,41.64,41.72,138100,-1.01,1.1,-2.42,2.64,0.55,-1
2003-06-16,42.0,42.8,41.87,42.73,85200,0.73,0.93,1.71,2.18,0.46,1
2003-06-13,41.56,42.2,41.47,42.0,66300,0.44,0.73,1.05,1.74,0.37,1
2003-06-12,40.75,41.7,40.75,41.56,47500,0.81,0.95,1.95,2.29,0.48,1
2003-06-11,40.65,40.8,39.74,40.75,78200,0.1,1.06,0.25,2.6,0.53,1
2003-06-10,40.97,41.2,40.43,40.61,39300,-0.36,0.77,-0.89,1.9,0.39,-1
2003-06-09,40.97,41.39,40.54,41.03,40500,0.06,0.85,0.15,2.07,0.43,-1
2003-06-06,41.3,42.8,41.3,41.67,146200,0.37,1.5,0.89,3.6,0.75,1
2003-06-05,41.7,41.74,41.2,41.49,76100,-0.21,0.54,-0.51,1.3,0.27,-1
2003-06-04,40.9,41.88,40.9,41.75,89200,0.85,0.98,2.04,2.35,0.49,1
2003-06-03,41.2,41.2,40.75,40.81,80200,-0.39,0.45,-0.96,1.1,0.23,-1
2003-06-02,40.8,41.3,40.6,41.2,117700,0.4,0.7,0.97,1.7,0.35,1
2003-05-30,38.81,40.9,38.8,40.8,156700,1.99,2.1,4.88,5.15,1.05,1
2003-05-29,37.65,38.96,37.65,38.8,125700,1.15,1.31,2.96,3.38,0.66,1
2003-05-28,37.79,37.79,37.4,37.63,90100,-0.16,0.39,-0.43,1.04,0.2,-1
2003-05-27,36.85,37.85,36.65,37.79,31300,0.94,1.2,2.49,3.18,0.6,1
2003-05-23,36.95,36.96,36.76,36.95,17500,0.0,0.2,0.0,0.54,0.1,-1
2003-05-22,37.2,37.85,36.87,37.14,60900,-0.06,0.98,-0.16,2.64,0.49,-1
2003-05-21,36.51,37.27,36.4,37.2,91600,0.69,0.87,1.85,2.34,0.44,1
2003-05-20,36.6,36.61,36.1,36.51,35900,-0.09,0.51,-0.25,1.4,0.25,-1
2003-05-19,37.0,37.3,35.95,36.61,291700,-0.39,1.35,-1.07,3.69,0.67,-1
2003-05-16,38.05,38.55,36.9,36.9,69200,-1.15,1.65,-3.12,4.47,0.82,-1
2003-05-15,38.8,38.87,37.9,38.28,103200,-0.52,0.97,-1.36,2.53,0.48,-1
2003-05-14,38.9,39.11,38.03,38.9,73500,0.0,1.08,0.0,2.78,0.54,1
2003-05-13,38.0,39.32,37.9,38.81,116800,0.81,1.42,2.09,3.66,0.71,1
2003-05-12,36.69,38.5,36.69,38.2,185400,1.51,1.81,3.95,4.74,0.91,1
2003-05-09,35.2,36.75,34.87,36.66,121900,1.46,1.88,3.98,5.13,0.94,1
2003-05-08,35.8,35.8,34.83,35.32,53600,-0.48,0.97,-1.36,2.75,0.48,-1
2003-05-07,35.65,36.28,35.46,35.9,40200,0.25,0.82,0.7,2.28,0.41,1
2003-05-06,35.2,36.0,34.77,35.8,109300,0.6,1.23,1.68,3.44,0.61,1
2003-05-05,36.35,37.3,34.25,35.39,188300,-0.96,3.05,-2.71,8.62,1.52,-1
2003-05-02,35.9,36.8,35.2,36.35,121200,0.45,1.6,1.24,4.4,0.8,1
2003-05-01,33.25,37.25,33.15,36.15,287300,2.9,4.1,8.02,11.34,2.05,1
2003-04-30,32.91,34.75,31.9,33.5,315100,0.59,2.85,1.76,8.51,1.43,1
2003-04-29,28.42,35.25,28.42,32.9,459800,4.48,6.83,13.62,20.76,3.41,1
2003-04-28,26.1,28.26,26.1,28.17,55600,2.07,2.16,7.35,7.67,1.08,1
2003-04-25,25.85,25.88,25.59,25.68,12500,-0.17,0.29,-0.66,1.13,0.14,-1
2003-04-24,26.0,26.0,25.75,25.75,3800,-0.25,0.25,-0.97,0.97,0.12,-1
2003-04-23,26.0,26.12,26.0,26.02,9300,0.02,0.12,0.08,0.46,0.06,1
2003-04-22,25.91,26.17,25.86,25.9,7200,-0.01,0.31,-0.04,1.2,0.16,-1
2003-04-21,25.7,25.95,25.61,25.95,11100,0.25,0.34,0.96,1.31,0.17,1
2003-04-17,25.65,25.7,25.56,25.7,9000,0.05,0.14,0.19,0.54,0.07,1
2003-04-16,25.55,25.74,25.55,25.55,4900,0.0,0.19,0.0,0.74,0.09,-1
2003-04-15,25.65,25.79,25.6,25.61,3400,-0.04,0.19,-0.16,0.74,0.09,-1
2003-04-14,25.51,25.65,25.5,25.65,2300,0.14,0.15,0.55,0.58,0.07,1
2003-04-11,25.63,25.64,25.53,25.56,4300,-0.07,0.11,-0.27,0.43,0.05,-1
2003-04-10,25.95,25.95,25.62,25.7,5200,-0.25,0.33,-0.97,1.28,0.16,-1
2003-04-09,26.01,26.2,25.82,25.84,11800,-0.17,0.38,-0.66,1.47,0.19,-1
2003-04-08,26.15,26.15,25.99,26.05,12800,-0.1,0.16,-0.38,0.61,0.08,1
2003-04-07,25.85,26.06,25.85,26.02,8700,0.17,0.21,0.65,0.81,0.1,1
2003-04-04,25.75,26.0,25.75,25.77,9100,0.02,0.25,0.08,0.97,0.12,1
2003-04-03,25.57,25.79,25.38,25.39,10100,-0.18,0.41,-0.71,1.61,0.21,1
2003-04-02,25.5,25.5,25.2,25.32,9800,-0.18,0.3,-0.71,1.18,0.15,-1
2003-04-01,24.59,25.63,24.58,25.4,13100,0.81,1.05,3.19,4.13,0.53,1
2003-03-31,24.6,25.0,24.55,24.65,6700,0.05,0.45,0.2,1.83,0.22,1
2003-03-28,24.37,24.5,24.27,24.5,5400,0.13,0.23,0.53,0.94,0.12,1
2003-03-27,24.6,24.6,24.24,24.37,3300,-0.23,0.36,-0.94,1.48,0.18,-1
2003-03-26,24.9,24.9,24.45,24.45,4800,-0.45,0.45,-1.84,1.84,0.22,-1
2003-03-25,24.92,25.15,24.9,25.0,1900,0.08,0.25,0.32,1.0,0.12,1
2003-03-24,24.7,25.15,24.52,24.96,6400,0.26,0.63,1.04,2.52,0.31,1
2003-03-21,25.16,25.16,24.6,24.65,14000,-0.51,0.56,-2.07,2.27,0.28,-1
2003-03-20,25.0,25.19,24.84,25.16,7200,0.16,0.35,0.64,1.39,0.18,1
2003-03-19,25.31,25.31,24.93,25.1,13300,-0.21,0.38,-0.84,1.51,0.19,-1
2003-03-18,25.4,25.62,25.36,25.38,7100,-0.02,0.26,-0.08,1.02,0.13,-1
2003-03-17,23.95,25.5,23.95,25.4,20900,1.45,1.55,5.71,6.1,0.78,1
2003-03-14,23.47,24.18,23.47,23.95,7900,0.48,0.71,2.0,2.96,0.36,1
2003-03-13,23.7,23.82,23.4,23.4,13100,-0.3,0.42,-1.28,1.79,0.21,-1
2003-03-12,23.9,24.23,23.74,23.75,10400,-0.15,0.49,-0.63,2.06,0.25,-1
2003-03-11,23.8,23.97,23.76,23.97,8400,0.17,0.21,0.71,0.88,0.1,1
2003-03-10,23.3,23.5,23.15,23.45,3300,0.15,0.35,0.64,1.49,0.18,1
2003-03-07,23.34,23.55,23.15,23.35,15400,0.01,0.4,0.04,1.71,0.2,-1
2003-03-06,23.4,23.54,23.4,23.47,4200,0.07,0.14,0.3,0.6,0.07,1
2003-03-05,23.23,23.23,23.05,23.15,1600,-0.08,0.18,-0.35,0.78,0.09,-1
2003-03-04,23.18,23.24,23.09,23.2,4400,0.02,0.15,0.09,0.65,0.07,1
2003-03-03,23.14,23.21,23.03,23.08,13300,-0.06,0.18,-0.26,0.78,0.09,1
2003-02-28,23.2,23.25,23.04,23.05,3600,-0.15,0.21,-0.65,0.91,0.11,-1
2003-02-27,23.09,23.16,23.03,23.15,5500,0.06,0.13,0.26,0.56,0.06,1
2003-02-26,23.15,23.15,23.05,23.05,1100,-0.1,0.1,-0.43,0.43,0.05,-1
2003-02-25,23.12,23.2,22.94,23.2,2200,0.08,0.26,0.34,1.12,0.13,1
2003-02-24,23.47,23.47,23.0,23.0,5500,-0.47,0.47,-2.04,2.04,0.23,-1
2003-02-21,23.15,23.5,23.03,23.44,4400,0.29,0.47,1.24,2.01,0.23,1
2003-02-20,23.3,23.3,23.15,23.17,1900,-0.13,0.15,-0.56,0.65,0.08,-1
2003-02-19,23.35,23.45,23.2,23.2,3200,-0.15,0.25,-0.65,1.08,0.12,-1
2003-02-18,22.93,23.32,22.93,23.32,11900,0.39,0.39,1.67,1.67,0.2,1
2003-02-14,23.1,23.27,22.9,22.9,6300,-0.2,0.37,-0.87,1.62,0.19,-1
2003-02-13,22.39,23.16,22.38,23.0,8800,0.61,0.78,2.65,3.39,0.39,1
2003-02-12,22.01,22.28,22.01,22.28,8600,0.27,0.27,1.21,1.21,0.13,1
2003-02-11,22.65,22.65,22.08,22.12,13800,-0.53,0.57,-2.4,2.58,0.29,-1
2003-02-10,22.55,22.72,22.55,22.69,17900,0.14,0.17,0.62,0.75,0.08,1
2003-02-07,23.02,23.03,22.61,22.61,6500,-0.41,0.42,-1.81,1.86,0.21,-1
2003-02-06,23.06,23.13,23.01,23.01,3300,-0.05,0.12,-0.22,0.52,0.06,-1
2003-02-05,23.42,23.44,23.08,23.09,8900,-0.33,0.36,-1.43,1.56,0.18,-1
2003-02-04,24.02,24.03,23.4,23.4,13500,-0.62,0.63,-2.65,2.69,0.32,-1
2003-02-03,23.97,24.1,23.9,24.02,6400,0.05,0.2,0.21,0.83,0.1,1
2003-01-31,23.9,24.0,23.8,24.0,9200,0.1,0.2,0.42,0.83,0.1,1
2003-01-30,24.35,24.51,23.85,23.85,9100,-0.5,0.66,-2.1,2.77,0.33,-1
2003-01-29,24.44,24.44,24.29,24.29,3200,-0.15,0.15,-0.62,0.62,0.08,-1
2003-01-28,24.5,24.59,24.45,24.54,8900,0.04,0.14,0.16,0.57,0.07,1
2003-01-27,25.22,25.22,24.43,24.5,15400,-0.72,0.79,-2.94,3.22,0.39,-1
2003-01-24,25.31,25.31,25.08,25.12,5200,-0.19,0.23,-0.76,0.92,0.12,-1
2003-01-23,25.31,25.47,25.3,25.32,5400,0.01,0.17,0.04,0.67,0.08,1
2003-01-22,25.31,25.32,25.25,25.3,5300,-0.01,0.07,-0.04,0.28,0.04,-1
2003-01-21,25.29,25.8,25.18,25.3,25300,0.01,0.62,0.04,2.45,0.31,1
2003-01-17,25.56,25.57,25.29,25.29,11000,-0.27,0.28,-1.07,1.11,0.14,-1
2003-01-16,25.52,25.56,25.5,25.55,6700,0.03,0.06,0.12,0.23,0.03,1
2003-01-15,25.6,25.6,25.45,25.5,13400,-0.1,0.15,-0.39,0.59,0.08,-1
2003-01-14,25.75,25.8,25.47,25.54,4800,-0.21,0.33,-0.82,1.29,0.17,-1
2003-01-13,25.94,26.0,25.73,25.75,3500,-0.19,0.27,-0.74,1.05,0.13,-1
2003-01-10,26.2,26.26,25.9,25.94,8200,-0.26,0.36,-1.0,1.39,0.18,-1
2003-01-09,26.25,26.38,26.07,26.1,11300,-0.15,0.31,-0.57,1.19,0.15,-1
2003-01-08,26.3,26.35,26.15,26.15,5400,-0.15,0.2,-0.57,0.76,0.1,-1
2003-01-07,26.12,26.4,25.92,26.4,7600,0.28,0.48,1.06,1.82,0.24,1
2003-01-06,26.12,26.33,26.12,26.18,5200,0.06,0.21,0.23,0.8,0.1,1
2003-01-03,26.1,26.11,25.8,25.87,9100,-0.23,0.31,-0.89,1.2,0.15,-1
2003-01-02,25.7,26.05,25.69,26.04,6200,0.34,0.36,1.31,1.38,0.18,1
2002-12-31,25.9,26.08,25.65,25.65,8500,-0.25,0.43,-0.97,1.68,0.21,-1
2002-12-30,25.75,25.94,25.75,25.88,4800,0.13,0.19,0.5,0.73,0.1,1
2002-12-27,25.63,25.81,25.55,25.76,10500,0.13,0.26,0.5,1.01,0.13,1
2002-12-26,25.65,25.95,25.55,25.55,10200,-0.1,0.4,-0.39,1.57,0.2,-1
2002-12-24,25.65,25.7,25.62,25.63,1800,-0.02,0.08,-0.08,0.31,0.04,1
2002-12-23,25.55,25.73,25.5,25.6,16700,0.05,0.23,0.2,0.9,0.12,-1
2002-12-20,26.35,26.35,25.5,25.65,33000,-0.7,0.85,-2.73,3.31,0.43,-1
2002-12-19,26.07,26.34,25.94,26.27,12400,0.2,0.4,0.76,1.52,0.2,1
2002-12-18,25.6,26.03,25.52,26.03,11900,0.43,0.51,1.65,1.96,0.26,1
2002-12-17,26.26,26.26,25.45,25.49,14000,-0.77,0.81,-3.02,3.18,0.41,-1
2002-12-16,26.3,26.35,26.15,26.26,5800,-0.04,0.2,-0.15,0.76,0.1,-1
2002-12-13,26.5,26.5,26.34,26.35,3000,-0.15,0.16,-0.57,0.61,0.08,-1
2002-12-12,26.02,26.53,26.02,26.4,32400,0.38,0.51,1.44,1.93,0.26,1
2002-12-11,25.99,26.2,25.98,26.0,8200,0.01,0.22,0.04,0.85,0.11,1
2002-12-10,25.9,26.07,25.88,25.95,9300,0.05,0.19,0.19,0.73,0.1,1
2002-12-09,26.2,26.24,25.94,25.94,10900,-0.26,0.3,-1.0,1.16,0.15,-1
2002-12-06,25.96,26.23,25.96,26.15,7100,0.19,0.27,0.73,1.03,0.13,1
2002-12-05,26.1,26.1,25.96,26.03,8900,-0.07,0.14,-0.27,0.54,0.07,-1
2002-12-04,26.01,26.21,25.95,26.1,3800,0.09,0.26,0.34,1.0,0.13,-1
2002-12-03,26.15,26.18,26.0,26.1,1800,-0.05,0.18,-0.19,0.69,0.09,-1
2002-12-02,25.99,26.22,25.99,26.2,7000,0.21,0.23,0.8,0.88,0.12,1
2002-11-29,26.25,26.25,25.8,25.9,6600,-0.35,0.45,-1.35,1.74,0.22,-1
2002-11-27,25.8,26.17,25.8,26.17,5400,0.37,0.37,1.41,1.41,0.19,1
2002-11-26,25.8,25.94,25.75,25.9,2500,0.1,0.19,0.39,0.73,0.1,-1
2002-11-25,26.2,26.2,25.72,25.9,4300,-0.3,0.48,-1.16,1.85,0.24,-1
2002-11-22,25.9,26.13,25.8,26.13,2700,0.23,0.33,0.88,1.26,0.16,1
2002-11-21,25.83,26.06,25.8,25.8,5500,-0.03,0.26,-0.12,1.01,0.13,-1
2002-11-20,25.05,25.8,25.05,25.8,7300,0.75,0.75,2.91,2.91,0.38,1
2002-11-19,24.6,25.08,24.6,24.95,3400,0.35,0.48,1.4,1.92,0.24,1
2002-11-18,24.9,25.12,24.74,24.74,10700,-0.16,0.38,-0.65,1.54,0.19,-1
2002-11-15,24.25,25.02,24.22,24.87,13400,0.62,0.8,2.49,3.22,0.4,1
2002-11-14,24.3,24.35,24.03,24.35,6500,0.05,0.32,0.21,1.31,0.16,1
2002-11-13,24.35,24.47,24.2,24.2,19600,-0.15,0.27,-0.62,1.12,0.13,-1
2002-11-12,24.49,24.75,24.41,24.57,5300,0.08,0.34,0.33,1.38,0.17,1
2002-11-11,24.51,24.67,24.44,24.44,2700,-0.07,0.23,-0.29,0.94,0.12,-1
2002-11-08,24.84,24.84,24.58,24.6,3300,-0.24,0.26,-0.98,1.06,0.13,-1
2002-11-07,25.7,25.7,24.74,24.81,13400,-0.89,0.96,-3.59,3.87,0.48,-1
2002-11-06,25.3,25.72,25.3,25.7,5800,0.4,0.42,1.56,1.63,0.21,1
2002-11-05,25.0,25.25,25.0,25.25,8000,0.25,0.25,0.99,0.99,0.12,1
2002-11-04,24.4,25.0,24.4,25.0,4100,0.6,0.6,2.4,2.4,0.3,1
2002-11-01,23.76,24.38,23.76,24.38,6000,0.62,0.62,2.54,2.54,0.31,1
2002-10-31,23.75,23.88,23.61,23.7,11700,-0.05,0.27,-0.21,1.14,0.13,1
2002-10-30,24.05,24.05,23.57,23.64,6800,-0.41,0.48,-1.73,2.03,0.24,-1
2002-10-29,23.25,23.95,23.25,23.95,4800,0.7,0.7,2.92,2.92,0.35,1
2002-10-28,23.2,23.4,23.1,23.12,6400,-0.08,0.3,-0.35,1.3,0.15,-1
2002-10-25,22.87,23.2,22.72,23.2,6000,0.33,0.48,1.42,2.07,0.24,1
2002-10-24,22.94,23.0,22.79,22.9,4900,-0.04,0.21,-0.17,0.92,0.11,-1
2002-10-23,22.85,22.94,22.65,22.94,5100,0.09,0.29,0.39,1.26,0.15,1
2002-10-22,22.65,22.95,22.65,22.85,5100,0.2,0.3,0.88,1.31,0.15,1
2002-10-21,22.03,22.57,22.03,22.57,6400,0.54,0.54,2.39,2.39,0.27,1
2002-10-18,21.8,22.15,21.75,22.05,8400,0.25,0.4,1.13,1.81,0.2,1
2002-10-17,21.4,21.72,21.4,21.67,6000,0.27,0.32,1.25,1.48,0.16,1
2002-10-16,21.75,21.75,21.3,21.31,6600,-0.44,0.45,-2.06,2.11,0.22,-1
2002-10-15,21.21,21.86,21.21,21.71,12100,0.5,0.65,2.3,2.99,0.32,1
2002-10-14,20.91,21.21,20.9,21.2,4600,0.29,0.31,1.37,1.46,0.16,1
2002-10-11,20.9,21.22,20.85,20.9,8600,0.0,0.37,0.0,1.77,0.18,1
2002-10-10,21.05,21.05,20.72,20.85,9900,-0.2,0.33,-0.96,1.58,0.17,-1
2002-10-09,21.6,21.72,21.09,21.09,7000,-0.51,0.63,-2.42,2.99,0.31,-1
2002-10-08,21.7,21.85,21.55,21.66,6200,-0.04,0.3,-0.18,1.39,0.15,-1
2002-10-07,21.86,22.0,21.75,21.76,3400,-0.1,0.25,-0.46,1.15,0.12,-1
2002-10-04,21.97,21.97,21.8,21.85,3800,-0.12,0.17,-0.55,0.78,0.08,-1
2002-10-03,22.04,22.06,21.97,21.97,7000,-0.07,0.09,-0.32,0.41,0.04,-1
2002-10-02,21.95,22.16,21.9,22.05,5200,0.1,0.26,0.45,1.18,0.13,1
2002-10-01,21.85,21.85,21.67,21.85,9000,0.0,0.18,0.0,0.82,0.09,-1
2002-09-30,22.25,22.28,21.83,21.9,12700,-0.35,0.45,-1.6,2.05,0.23,-1
2002-09-27,22.65,22.65,22.26,22.26,8000,-0.39,0.39,-1.75,1.75,0.19,-1
2002-09-26,22.3,22.75,22.25,22.75,10500,0.45,0.5,1.98,2.2,0.25,1
2002-09-25,20.85,21.8,20.85,21.8,14800,0.95,0.95,4.36,4.36,0.47,1
2002-09-24,20.0,21.0,20.0,20.73,49500,0.73,1.0,3.52,4.82,0.5,1
2002-09-23,20.2,20.2,20.0,20.0,5700,-0.2,0.2,-1.0,1.0,0.1,-1
2002-09-20,20.3,20.34,20.27,20.27,10300,-0.03,0.07,-0.15,0.35,0.04,1
2002-09-19,20.8,21.03,20.14,20.15,16400,-0.65,0.89,-3.23,4.42,0.45,-1
2002-09-18,19.99,20.6,19.99,20.55,13800,0.56,0.61,2.73,2.97,0.31,1
2002-09-17,19.8,20.16,19.8,19.99,17200,0.19,0.36,0.95,1.8,0.18,1
2002-09-16,19.75,19.8,19.65,19.77,5600,0.02,0.15,0.1,0.76,0.08,-1
2002-09-13,20.02,20.02,19.8,19.8,6400,-0.22,0.22,-1.11,1.11,0.11,-1
2002-09-12,20.5,20.5,19.93,20.02,6300,-0.48,0.57,-2.4,2.85,0.29,-1
2002-09-11,20.13,20.44,20.13,20.44,2600,0.31,0.31,1.52,1.52,0.16,1
2002-09-10,19.75,20.13,19.75,20.13,7000,0.38,0.38,1.89,1.89,0.19,1
2002-09-09,19.85,19.85,19.5,19.71,64600,-0.14,0.35,-0.71,1.78,0.18,-1
2002-09-06,20.4,20.6,19.7,19.8,47500,-0.6,0.9,-3.03,4.55,0.45,-1
2002-09-05,21.6,21.64,20.65,20.65,38800,-0.95,0.99,-4.6,4.79,0.5,-1
2002-09-04,20.89,21.5,20.89,21.5,7700,0.61,0.61,2.84,2.84,0.3,1
2002-09-03,21.2,21.2,20.85,20.85,3100,-0.35,0.35,-1.68,1.68,0.17,-1
2002-08-30,21.0,21.4,21.0,21.26,10700,0.26,0.4,1.22,1.88,0.2,1
2002-08-29,21.25,21.55,21.0,21.05,35800,-0.2,0.55,-0.95,2.61,0.28,-1
2002-08-28,21.0,21.23,21.0,21.2,23600,0.2,0.23,0.94,1.08,0.12,1
2002-08-27,22.1,22.1,20.6,21.0,34200,-1.1,1.5,-5.24,7.14,0.75,-1
2002-08-26,23.01,23.01,21.8,22.09,32800,-0.92,1.21,-4.16,5.48,0.61,-1
2002-08-23,23.7,23.75,23.06,23.06,8800,-0.64,0.69,-2.78,2.99,0.35,-1
2002-08-22,24.15,24.15,23.7,23.76,7000,-0.39,0.45,-1.64,1.89,0.22,-1
2002-08-21,24.23,24.25,24.0,24.25,6000,0.02,0.25,0.08,1.03,0.12,1
2002-08-20,23.8,24.25,23.8,24.19,3600,0.39,0.45,1.61,1.86,0.22,1
2002-08-19,23.49,23.95,23.49,23.9,7400,0.41,0.46,1.72,1.92,0.23,1
2002-08-16,23.5,23.74,23.4,23.54,5700,0.04,0.34,0.17,1.44,0.17,-1
2002-08-15,23.6,23.6,23.15,23.55,10600,-0.05,0.45,-0.21,1.91,0.23,-1
2002-08-14,23.31,23.6,23.1,23.6,8900,0.29,0.5,1.23,2.12,0.25,1
2002-08-13,23.85,23.85,23.27,23.27,10600,-0.58,0.58,-2.49,2.49,0.29,-1
2002-08-12,24.05,24.05,23.85,23.85,1800,-0.2,0.2,-0.84,0.84,0.1,-1
2002-08-09,24.0,24.17,23.9,24.1,3000,0.1,0.27,0.41,1.12,0.14,1
2002-08-08,23.55,23.95,23.54,23.95,2500,0.4,0.41,1.67,1.71,0.21,1
2002-08-07,23.16,23.44,23.0,23.44,3500,0.28,0.44,1.19,1.88,0.22,1
2002-08-06,22.66,23.41,22.65,23.15,11800,0.49,0.76,2.12,3.28,0.38,1
2002-08-05,22.6,22.93,22.5,22.6,7200,0.0,0.43,0.0,1.9,0.21,-1
2002-08-02,23.15,23.2,22.61,22.61,4900,-0.54,0.59,-2.39,2.61,0.29,-1
2002-08-01,23.18,23.2,23.1,23.15,6800,-0.03,0.1,-0.13,0.43,0.05,1
2002-07-31,23.36,23.42,23.1,23.1,16900,-0.26,0.32,-1.13,1.39,0.16,-1
2002-07-30,22.85,23.5,22.85,23.44,11600,0.59,0.65,2.52,2.77,0.32,1
2002-07-29,22.1,22.9,22.1,22.9,19200,0.8,0.8,3.49,3.49,0.4,1
2002-07-26,21.15,22.2,21.15,22.2,7300,1.05,1.05,4.73,4.73,0.53,1
2002-07-25,21.47,21.49,20.99,21.04,10900,-0.43,0.5,-2.04,2.38,0.25,-1
2002-07-24,21.5,21.55,21.29,21.47,23300,-0.03,0.26,-0.14,1.21,0.13,-1
2002-07-23,22.55,22.55,21.69,21.69,8700,-0.86,0.86,-3.96,3.96,0.43,-1
2002-07-22,22.7,22.8,22.3,22.7,10300,0.0,0.5,0.0,2.2,0.25,-1
2002-07-19,22.85,22.85,22.64,22.7,7100,-0.15,0.21,-0.66,0.93,0.11,-1
2002-07-18,23.23,23.6,23.1,23.1,9100,-0.13,0.5,-0.56,2.16,0.25,-1
2002-07-17,22.8,23.23,22.75,23.23,11800,0.43,0.48,1.85,2.07,0.24,1
2002-07-16,23.5,23.6,22.72,22.72,12200,-0.78,0.88,-3.43,3.87,0.44,-1
2002-07-15,23.65,23.65,23.25,23.44,6100,-0.21,0.4,-0.9,1.71,0.2,-1
2002-07-12,24.1,24.2,23.65,23.7,6500,-0.4,0.55,-1.69,2.32,0.28,-1
2002-07-11,23.6,24.5,23.0,24.13,23100,0.53,1.5,2.2,6.22,0.75,1
2002-07-10,25.45,25.45,22.99,23.64,49500,-1.81,2.46,-7.66,10.41,1.23,-1
2002-07-09,25.5,25.65,25.2,25.45,27700,-0.05,0.45,-0.2,1.77,0.22,-1
2002-07-08,26.58,26.58,26.33,26.33,6600,-0.25,0.25,-0.95,0.95,0.12,-1
2002-07-05,26.61,26.63,26.55,26.6,1900,-0.01,0.08,-0.04,0.3,0.04,-1
2002-07-03,27.19,27.19,26.5,26.6,4400,-0.59,0.69,-2.22,2.59,0.35,-1
2002-07-02,27.53,27.53,27.13,27.22,5300,-0.31,0.4,-1.14,1.47,0.2,-1
2002-07-01,28.0,28.0,27.55,27.56,6800,-0.44,0.45,-1.6,1.63,0.22,-1
2002-06-28,27.95,28.06,27.85,28.0,60700,0.05,0.21,0.18,0.75,0.1,1
2002-06-27,28.05,28.05,27.85,27.89,11000,-0.16,0.2,-0.57,0.72,0.1,-1
2002-06-26,27.8,27.96,27.7,27.9,8800,0.1,0.26,0.36,0.93,0.13,-1
2002-06-25,27.85,28.1,27.85,27.9,16700,0.05,0.25,0.18,0.9,0.12,1
2002-06-24,27.3,27.75,27.26,27.75,13100,0.45,0.49,1.62,1.77,0.24,1
2002-06-21,27.15,27.3,26.96,27.3,16100,0.15,0.34,0.55,1.25,0.17,1
2002-06-20,26.75,27.45,26.58,27.07,9400,0.32,0.87,1.18,3.21,0.44,1
2002-06-19,26.24,27.0,26.24,26.85,19700,0.61,0.76,2.27,2.83,0.38,1
2002-06-18,25.8,26.35,25.8,26.25,25400,0.45,0.55,1.71,2.1,0.28,1
2002-06-17,24.6,25.7,24.6,25.7,11400,1.1,1.1,4.28,4.28,0.55,1
2002-06-14,25.45,25.45,24.3,24.6,33800,-0.85,1.15,-3.46,4.67,0.57,-1
2002-06-13,25.22,26.08,25.22,25.45,16400,0.23,0.86,0.9,3.38,0.43,1
2002-06-12,25.35,25.35,25.16,25.22,13500,-0.13,0.19,-0.52,0.75,0.1,-1
2002-06-11,25.64,25.75,25.4,25.49,9200,-0.15,0.35,-0.59,1.37,0.18,-1
2002-06-10,26.0,26.35,25.75,25.89,7700,-0.11,0.6,-0.42,2.32,0.3,-1
2002-06-07,25.8,25.95,25.5,25.95,13100,0.15,0.45,0.58,1.73,0.22,1
2002-06-06,26.65,26.65,25.75,25.75,13700,-0.9,0.9,-3.5,3.5,0.45,-1
2002-06-05,26.5,27.02,26.36,26.9,29400,0.4,0.66,1.49,2.45,0.33,-1
2002-06-04,27.3,27.3,26.45,27.0,12600,-0.3,0.85,-1.11,3.15,0.43,-1
2002-06-03,27.7,27.8,27.2,27.2,6700,-0.5,0.6,-1.84,2.21,0.3,-1
2002-05-31,27.2,27.5,27.2,27.48,7900,0.28,0.3,1.02,1.09,0.15,1
2002-05-30,27.75,27.95,27.0,27.24,9200,-0.51,0.95,-1.87,3.49,0.47,-1
2002-05-29,28.6,28.8,27.8,27.81,22000,-0.79,1.0,-2.84,3.6,0.5,-1
2002-05-28,28.65,28.8,28.5,28.63,11500,-0.02,0.3,-0.07,1.05,0.15,-1
2002-05-24,28.2,28.86,28.2,28.69,13300,0.49,0.66,1.71,2.3,0.33,1
2002-05-23,28.0,28.3,27.75,28.29,12200,0.29,0.55,1.03,1.94,0.28,1
2002-05-22,28.6,28.9,27.6,27.95,25400,-0.65,1.3,-2.33,4.65,0.65,-1
2002-05-21,29.95,29.95,28.57,28.65,19600,-1.3,1.38,-4.54,4.82,0.69,-1
2002-05-20,29.9,29.97,29.7,29.72,4900,-0.18,0.27,-0.61,0.91,0.13,-1
2002-05-17,30.05,30.25,29.9,29.97,9800,-0.08,0.35,-0.27,1.17,0.18,-1
2002-05-16,29.95,30.21,29.86,30.0,20300,0.05,0.35,0.17,1.17,0.18,-1
2002-05-15,29.8,30.15,29.8,30.06,17900,0.26,0.35,0.86,1.16,0.17,1
2002-05-14,28.8,29.9,28.56,29.9,45100,1.1,1.34,3.68,4.48,0.67,1
2002-05-13,29.1,29.1,28.78,28.78,4200,-0.32,0.32,-1.11,1.11,0.16,-1
2002-05-10,29.15,29.4,28.68,29.3,26000,0.15,0.72,0.51,2.46,0.36,1
2002-05-09,29.58,29.58,28.98,29.1,57900,-0.48,0.6,-1.65,2.06,0.3,-1
2002-05-08,29.15,29.75,29.15,29.6,10400,0.45,0.6,1.52,2.03,0.3,1
2002-05-07,29.35,29.4,29.15,29.15,14300,-0.2,0.25,-0.69,0.86,0.12,-1
2002-05-06,29.4,29.48,29.17,29.25,4300,-0.15,0.31,-0.51,1.06,0.15,-1
2002-05-03,28.98,29.58,28.98,29.37,11300,0.39,0.6,1.33,2.04,0.3,1
2002-05-02,28.9,28.98,28.21,28.98,16000,0.08,0.77,0.28,2.66,0.38,1
2002-05-01,28.8,28.95,28.7,28.9,4100,0.1,0.25,0.35,0.87,0.12,1
2002-04-30,28.47,28.75,28.32,28.75,14000,0.28,0.43,0.97,1.5,0.21,1
2002-04-29,28.35,28.39,28.25,28.39,2800,0.04,0.14,0.14,0.49,0.07,1
2002-04-26,28.3,28.32,27.85,28.28,9700,-0.02,0.47,-0.07,1.66,0.23,-1
2002-04-25,28.3,28.4,28.0,28.31,16100,0.01,0.4,0.04,1.41,0.2,-1
2002-04-24,28.09,28.4,27.85,28.4,24600,0.31,0.55,1.09,1.94,0.27,1
2002-04-23,28.07,28.2,28.05,28.09,5400,0.02,0.15,0.07,0.53,0.07,1
2002-04-22,28.55,28.55,27.95,27.99,8900,-0.56,0.6,-2.0,2.14,0.3,-1
2002-04-19,28.65,28.75,28.53,28.55,7300,-0.1,0.22,-0.35,0.77,0.11,-1
2002-04-18,28.85,28.89,28.6,28.65,9100,-0.2,0.29,-0.7,1.01,0.14,-1
2002-04-17,28.85,29.0,28.77,28.95,9900,0.1,0.23,0.35,0.79,0.12,1
2002-04-16,28.0,28.9,28.0,28.9,17300,0.9,0.9,3.11,3.11,0.45,1
2002-04-15,28.46,28.46,28.1,28.25,4000,-0.21,0.36,-0.74,1.27,0.18,-1
2002-04-12,27.4,28.59,27.4,28.46,15000,1.06,1.19,3.72,4.18,0.6,1
2002-04-11,27.3,27.31,27.2,27.26,31600,-0.04,0.11,-0.15,0.4,0.05,-1
2002-04-10,26.1,27.4,26.1,27.4,10000,1.3,1.3,4.74,4.74,0.65,1
2002-04-09,26.0,26.3,26.0,26.1,12000,0.1,0.3,0.38,1.15,0.15,1
2002-04-08,26.0,26.1,25.85,26.0,17600,0.0,0.25,0.0,0.96,0.12,-1
2002-04-05,25.85,26.18,25.79,26.04,5100,0.19,0.39,0.73,1.5,0.2,1
2002-04-04,25.59,26.3,25.59,25.85,3000,0.26,0.71,1.01,2.75,0.36,1
2002-04-03,25.8,25.8,25.4,25.6,9200,-0.2,0.4,-0.78,1.56,0.2,-1
2002-04-02,25.35,25.7,25.15,25.7,6400,0.35,0.55,1.36,2.14,0.28,1
2002-04-01,26.35,26.35,25.05,25.35,18400,-1.0,1.3,-3.94,5.13,0.65,-1
2002-03-28,26.75,26.79,26.3,26.4,11300,-0.35,0.49,-1.33,1.86,0.24,-1
2002-03-27,26.65,26.7,26.61,26.7,17300,0.05,0.09,0.19,0.34,0.04,1
2002-03-26,26.4,26.65,26.4,26.65,9600,0.25,0.25,0.94,0.94,0.12,1
2002-03-25,27.55,27.55,26.6,26.61,13000,-0.94,0.95,-3.53,3.57,0.47,-1
2002-03-22,27.95,28.0,27.64,27.64,2200,-0.31,0.36,-1.12,1.3,0.18,-1
2002-03-21,27.4,27.85,27.4,27.85,7400,0.45,0.45,1.62,1.62,0.23,1
2002-03-20,27.5,27.5,27.15,27.4,4500,-0.1,0.35,-0.36,1.28,0.18,-1
2002-03-19,27.25,27.5,27.25,27.5,12800,0.25,0.25,0.91,0.91,0.12,1
2002-03-18,26.6,27.25,26.5,27.24,18700,0.64,0.75,2.35,2.75,0.38,1
2002-03-15,27.2,27.3,26.85,26.85,13300,-0.35,0.45,-1.3,1.68,0.22,-1
2002-03-14,27.1,27.3,27.1,27.3,6800,0.2,0.2,0.73,0.73,0.1,1
2002-03-13,27.05,27.45,27.02,27.05,6100,0.0,0.43,0.0,1.59,0.21,-1
2002-03-12,26.75,27.08,26.75,27.05,6600,0.3,0.33,1.11,1.22,0.16,1
2002-03-11,26.77,26.9,26.71,26.8,3300,0.03,0.19,0.11,0.71,0.09,-1
2002-03-08,25.7,26.85,25.7,26.8,14000,1.1,1.15,4.1,4.29,0.58,1
2002-03-07,25.57,25.7,25.57,25.65,4000,0.08,0.13,0.31,0.51,0.06,1
2002-03-06,25.4,25.5,25.3,25.5,3000,0.1,0.2,0.39,0.78,0.1,1
2002-03-05,25.5,25.5,25.25,25.36,4000,-0.14,0.25,-0.55,0.99,0.12,-1
2002-03-04,25.35,25.5,25.32,25.5,3300,0.15,0.18,0.59,0.71,0.09,1
2002-03-01,25.4,25.4,25.15,25.4,2700,0.0,0.25,0.0,0.98,0.12,1
2002-02-28,25.13,25.3,24.99,25.3,5300,0.17,0.31,0.67,1.23,0.16,1
2002-02-27,25.25,25.35,25.09,25.14,9800,-0.11,0.26,-0.44,1.03,0.13,-1
2002-02-26,25.25,25.4,25.2,25.3,10500,0.05,0.2,0.2,0.79,0.1,-1
2002-02-25,25.5,25.5,25.15,25.3,2800,-0.2,0.35,-0.79,1.38,0.18,-1
2002-02-22,24.95,25.6,24.85,25.45,8600,0.5,0.75,1.96,2.95,0.38,1
2002-02-21,25.1,25.35,24.91,24.95,11400,-0.15,0.44,-0.6,1.76,0.22,-1
2002-02-20,25.15,25.15,24.9,25.05,4500,-0.1,0.25,-0.4,1.0,0.12,-1
2002-02-19,25.25,25.4,25.2,25.25,4400,0.0,0.2,0.0,0.79,0.1,-1
2002-02-15,24.95,25.3,24.95,25.3,11100,0.35,0.35,1.38,1.38,0.18,1
2002-02-14,25.0,25.35,24.85,24.9,9100,-0.1,0.5,-0.4,2.01,0.25,-1
2002-02-13,25.1,25.1,24.79,24.9,11000,-0.2,0.31,-0.8,1.24,0.16,-1
2002-02-12,24.5,25.63,24.5,25.43,16000,0.93,1.13,3.66,4.44,0.56,1
2002-02-11,24.9,25.05,24.45,24.6,14000,-0.3,0.6,-1.22,2.44,0.3,-1
2002-02-08,24.85,25.04,24.85,24.99,6600,0.14,0.19,0.56,0.76,0.09,1
2002-02-07,24.85,24.99,24.8,24.8,5000,-0.05,0.19,-0.2,0.77,0.09,-1
2002-02-06,25.15,25.23,24.8,24.85,14300,-0.3,0.43,-1.21,1.73,0.21,-1
2002-02-05,25.07,25.16,25.05,25.1,3900,0.03,0.11,0.12,0.44,0.05,1
2002-02-04,25.15,25.15,25.05,25.07,3700,-0.08,0.1,-0.32,0.4,0.05,-1
2002-02-01,25.25,25.44,25.19,25.19,4100,-0.06,0.25,-0.24,0.99,0.12,-1
2002-01-31,24.95,25.25,24.92,25.25,8400,0.3,0.33,1.19,1.31,0.16,1
2002-01-30,24.8,25.02,24.6,24.9,8400,0.1,0.42,0.4,1.69,0.21,1
2002-01-29,24.55,24.88,24.4,24.88,7700,0.33,0.48,1.33,1.93,0.24,1
2002-01-28,24.0,24.49,24.0,24.49,5000,0.49,0.49,2.0,2.0,0.24,1
2002-01-25,23.85,24.1,23.85,24.1,5200,0.25,0.25,1.04,1.04,0.12,1
2002-01-24,23.65,24.0,23.65,23.7,6600,0.05,0.35,0.21,1.48,0.18,1
2002-01-23,23.25,23.72,23.25,23.6,9900,0.35,0.47,1.48,1.99,0.23,1
2002-01-22,23.55,23.8,23.15,23.15,15600,-0.4,0.65,-1.73,2.81,0.33,-1
2002-01-18,23.7,23.7,23.4,23.4,6000,-0.3,0.3,-1.28,1.28,0.15,-1
2002-01-17,23.6,23.98,23.6,23.8,21900,0.2,0.38,0.84,1.6,0.19,1
2002-01-16,23.55,23.65,23.54,23.65,5600,0.1,0.11,0.42,0.47,0.05,1
2002-01-15,23.5,23.74,23.2,23.62,9800,0.12,0.54,0.51,2.29,0.27,1
2002-01-14,23.48,23.55,23.3,23.55,4400,0.07,0.25,0.3,1.06,0.12,1
2002-01-11,23.35,23.49,23.25,23.48,6600,0.13,0.24,0.55,1.02,0.12,-1
2002-01-10,23.4,23.49,23.4,23.48,2300,0.08,0.09,0.34,0.38,0.04,1
2002-01-09,23.49,23.5,23.3,23.45,5900,-0.04,0.2,-0.17,0.85,0.1,-1
2002-01-08,23.6,23.66,23.41,23.49,3900,-0.11,0.25,-0.47,1.06,0.12,-1
2002-01-07,23.74,23.9,23.65,23.65,5800,-0.09,0.25,-0.38,1.06,0.12,-1
2002-01-04,23.95,24.0,23.46,23.65,11100,-0.3,0.54,-1.27,2.28,0.27,-1
2002-01-03,23.55,24.0,23.45,23.89,12000,0.34,0.55,1.42,2.3,0.28,1
2002-01-02,23.6,23.9,23.5,23.66,7500,0.06,0.4,0.25,1.69,0.2,1
2001-12-31,23.45,23.68,23.45,23.6,6800,0.15,0.23,0.64,0.97,0.12,1
2001-12-28,23.65,23.85,23.4,23.4,5300,-0.25,0.45,-1.07,1.92,0.23,-1
2001-12-27,23.7,23.8,23.55,23.6,6300,-0.1,0.25,-0.42,1.06,0.12,-1
2001-12-26,23.35,23.78,23.35,23.65,5500,0.3,0.43,1.27,1.82,0.21,1
2001-12-24,22.9,23.6,22.9,23.25,8300,0.35,0.7,1.51,3.01,0.35,1
2001-12-21,22.58,23.0,22.19,23.0,30000,0.42,0.81,1.83,3.52,0.4,1
2001-12-20,22.95,23.55,22.5,22.58,20300,-0.37,1.05,-1.64,4.65,0.53,-1
2001-12-19,23.65,23.97,23.15,23.2,8700,-0.45,0.82,-1.94,3.53,0.41,-1
2001-12-18,24.05,24.75,23.5,23.6,14800,-0.45,1.25,-1.91,5.3,0.62,-1
2001-12-17,24.1,25.0,23.9,24.1,15800,0.0,1.1,0.0,4.56,0.55,1
2001-12-14,24.1,24.25,24.05,24.06,6500,-0.04,0.2,-0.17,0.83,0.1,1
2001-12-13,23.7,25.0,23.64,24.0,23500,0.3,1.36,1.25,5.67,0.68,1
2001-12-12,23.7,23.95,23.6,23.6,7300,-0.1,0.35,-0.42,1.48,0.17,-1
2001-12-11,24.0,24.0,23.79,23.79,6100,-0.21,0.21,-0.88,0.88,0.11,-1
2001-12-10,25.3,26.1,24.0,24.0,22700,-1.3,2.1,-5.42,8.75,1.05,-1
2001-12-07,25.15,25.4,25.14,25.25,9300,0.1,0.26,0.4,1.03,0.13,1
2001-12-06,24.55,25.2,24.55,25.2,8800,0.65,0.65,2.58,2.58,0.32,1
2001-12-05,23.79,24.6,23.79,24.6,17300,0.81,0.81,3.29,3.29,0.41,1
2001-12-04,23.9,23.93,23.65,23.8,3500,-0.1,0.28,-0.42,1.18,0.14,-1
2001-12-03,23.65,24.0,23.6,23.9,5800,0.25,0.4,1.05,1.67,0.2,1
2001-11-30,23.25,23.7,23.24,23.6,11100,0.35,0.46,1.48,1.95,0.23,1
2001-11-29,23.15,23.2,23.14,23.2,4800,0.05,0.06,0.22,0.26,0.03,1
2001-11-28,23.37,23.45,23.1,23.1,20300,-0.27,0.35,-1.17,1.52,0.17,-1
2001-11-27,23.5,23.55,23.33,23.37,4800,-0.13,0.22,-0.56,0.94,0.11,-1
2001-11-26,23.45,23.6,23.45,23.55,7700,0.1,0.15,0.42,0.64,0.08,1
2001-11-23,23.5,23.5,23.48,23.5,3600,0.0,0.02,0.0,0.09,0.01,1
2001-11-21,23.6,23.6,23.4,23.45,9600,-0.15,0.2,-0.64,0.85,0.1,-1
2001-11-20,23.75,23.85,23.65,23.7,4800,-0.05,0.2,-0.21,0.84,0.1,-1
2001-11-19,24.0,24.0,23.95,23.98,5900,-0.02,0.05,-0.08,0.21,0.03,-1
2001-11-16,23.7,24.06,23.7,24.05,5200,0.35,0.36,1.46,1.5,0.18,1
2001-11-15,23.29,23.63,23.25,23.63,7300,0.34,0.38,1.44,1.61,0.19,1
2001-11-14,23.25,23.45,23.25,23.3,13500,0.05,0.2,0.21,0.86,0.1,-1
2001-11-13,23.1,23.7,23.1,23.3,18500,0.2,0.6,0.86,2.58,0.3,-1
2001-11-12,23.2,23.36,23.2,23.3,11600,0.1,0.16,0.43,0.69,0.08,1
2001-11-09,23.05,23.25,23.05,23.2,4400,0.15,0.2,0.65,0.86,0.1,1
2001-11-08,23.3,23.3,23.05,23.05,2600,-0.25,0.25,-1.08,1.08,0.12,-1
2001-11-07,23.63,23.83,23.36,23.36,7800,-0.27,0.47,-1.16,2.01,0.23,-1
2001-11-06,23.59,23.95,23.3,23.6,15300,0.01,0.65,0.04,2.75,0.32,-1
2001-11-05,23.2,23.65,23.2,23.6,4500,0.4,0.45,1.69,1.91,0.22,1
2001-11-02,22.99,23.3,22.98,23.15,5600,0.16,0.32,0.69,1.38,0.16,1
2001-11-01,22.5,23.0,22.5,23.0,4000,0.5,0.5,2.17,2.17,0.25,1
2001-10-31,22.25,22.45,22.25,22.45,6600,0.2,0.2,0.89,0.89,0.1,1
2001-10-30,22.25,22.35,22.2,22.25,5300,0.0,0.15,0.0,0.67,0.08,-1
2001-10-29,22.1,22.65,22.09,22.3,7900,0.2,0.56,0.9,2.51,0.28,1
2001-10-26,22.77,22.8,21.88,22.05,15900,-0.72,0.92,-3.27,4.17,0.46,-1
2001-10-25,22.99,23.0,22.5,22.77,16200,-0.22,0.5,-0.97,2.2,0.25,-1
2001-10-24,23.25,23.25,22.92,22.92,5800,-0.33,0.33,-1.44,1.44,0.16,-1
2001-10-23,23.6,23.6,23.25,23.25,6500,-0.35,0.35,-1.51,1.51,0.18,-1
2001-10-22,23.79,23.79,23.6,23.69,8400,-0.1,0.19,-0.42,0.8,0.09,-1
2001-10-19,23.69,23.82,23.55,23.79,8200,0.1,0.27,0.42,1.13,0.13,1
2001-10-18,23.29,23.7,23.29,23.7,4600,0.41,0.41,1.73,1.73,0.21,1
2001-10-17,23.55,23.55,23.25,23.3,7200,-0.25,0.3,-1.07,1.29,0.15,-1
2001-10-16,22.74,23.63,22.74,23.61,11600,0.87,0.89,3.68,3.77,0.45,1
2001-10-15,22.7,22.75,22.3,22.75,18500,0.05,0.45,0.22,1.98,0.22,1
2001-10-12,22.8,22.8,22.4,22.45,7600,-0.35,0.4,-1.56,1.78,0.2,-1
2001-10-11,22.1,22.7,22.1,22.7,14500,0.6,0.6,2.64,2.64,0.3,1
2001-10-10,21.8,22.1,21.8,22.0,14400,0.2,0.3,0.91,1.36,0.15,1
2001-10-09,22.35,22.35,21.8,21.8,7000,-0.55,0.55,-2.52,2.52,0.28,-1
2001-10-08,21.9,22.3,21.9,22.3,5400,0.4,0.4,1.79,1.79,0.2,1
2001-10-05,21.8,21.85,21.6,21.85,5000,0.05,0.25,0.23,1.14,0.12,1
2001-10-04,21.85,22.07,21.8,21.8,7800,-0.05,0.27,-0.23,1.24,0.13,1
2001-10-03,21.95,22.01,21.58,21.77,13400,-0.18,0.43,-0.83,1.98,0.22,-1
2001-10-02,21.9,22.3,21.9,22.03,29600,0.13,0.4,0.59,1.82,0.2,1
2001-10-01,22.0,22.1,21.95,21.96,13500,-0.04,0.15,-0.18,0.68,0.08,1
2001-09-28,20.06,21.9,20.06,21.9,27900,1.84,1.84,8.4,8.4,0.92,1
2001-09-27,19.62,20.05,19.62,20.0,14800,0.38,0.43,1.9,2.15,0.21,1
2001-09-26,19.15,19.65,19.15,19.58,28400,0.43,0.5,2.2,2.55,0.25,1
2001-09-25,19.1,19.4,19.09,19.15,15500,0.05,0.31,0.26,1.62,0.15,1
2001-09-24,18.4,19.15,18.4,19.0,10700,0.6,0.75,3.16,3.95,0.38,1
2001-09-21,18.2,18.65,18.2,18.3,16900,0.1,0.45,0.55,2.46,0.22,-1
2001-09-20,20.4,20.4,18.3,18.3,40500,-2.1,2.1,-11.48,11.48,1.05,-1
2001-09-19,21.7,21.7,20.2,20.5,24200,-1.2,1.5,-5.85,7.32,0.75,-1
2001-09-18,21.8,22.0,21.8,21.9,7200,0.1,0.2,0.46,0.91,0.1,-1
2001-09-17,22.1,22.1,21.9,21.9,22000,-0.2,0.2,-0.91,0.91,0.1,-1
2001-09-10,22.85,22.85,22.28,22.3,5900,-0.55,0.57,-2.47,2.56,0.29,-1
2001-09-07,23.1,23.1,22.85,22.95,2700,-0.15,0.25,-0.65,1.09,0.12,-1
2001-09-06,22.85,23.2,22.85,23.2,9600,0.35,0.35,1.51,1.51,0.17,1
2001-09-05,22.66,22.9,22.64,22.8,8500,0.14,0.26,0.61,1.14,0.13,1
2001-09-04,22.1,22.65,22.1,22.59,9700,0.49,0.55,2.17,2.43,0.27,1
2001-08-31,22.75,22.75,21.65,22.15,21800,-0.6,1.1,-2.71,4.97,0.55,-1
2001-08-30,23.25,23.25,22.8,22.85,9600,-0.4,0.45,-1.75,1.97,0.22,-1
2001-08-29,23.65,23.7,23.22,23.31,19900,-0.34,0.48,-1.46,2.06,0.24,-1
2001-08-28,23.71,23.71,23.65,23.65,1200,-0.06,0.06,-0.25,0.25,0.03,-1
2001-08-27,22.9,23.85,22.9,23.7,24100,0.8,0.95,3.38,4.01,0.48,1
2001-08-24,23.44,23.45,22.9,23.0,11600,-0.44,0.55,-1.91,2.39,0.28,-1
2001-08-23,23.8,23.81,23.62,23.62,4000,-0.18,0.19,-0.76,0.8,0.09,-1
2001-08-22,23.95,23.95,23.65,23.75,4000,-0.2,0.3,-0.84,1.26,0.15,-1
2001-08-21,23.85,24.14,23.85,24.01,3600,0.16,0.29,0.67,1.21,0.14,1
2001-08-20,23.9,23.9,23.55,23.89,10400,-0.01,0.35,-0.04,1.47,0.17,1
2001-08-17,23.85,23.94,23.5,23.88,11700,0.03,0.44,0.13,1.84,0.22,1
2001-08-16,23.85,23.9,23.72,23.8,14000,-0.05,0.18,-0.21,0.76,0.09,-1
2001-08-15,23.49,24.0,23.45,23.99,11600,0.5,0.55,2.08,2.29,0.28,1
2001-08-14,23.1,23.45,23.1,23.45,4300,0.35,0.35,1.49,1.49,0.17,1
2001-08-13,22.8,23.2,22.8,23.1,4300,0.3,0.4,1.3,1.73,0.2,1
2001-08-10,22.9,22.96,22.86,22.95,13600,0.05,0.1,0.22,0.44,0.05,-1
2001-08-09,22.9,23.05,22.9,23.0,2800,0.1,0.15,0.43,0.65,0.08,1
2001-08-08,22.8,22.95,22.8,22.9,3900,0.1,0.15,0.44,0.66,0.07,1
2001-08-07,22.4,22.75,22.39,22.75,9300,0.35,0.36,1.54,1.58,0.18,1
2001-08-06,22.85,22.9,22.45,22.46,8000,-0.39,0.45,-1.74,2.0,0.22,-1
2001-08-03,22.45,22.8,22.44,22.75,6200,0.3,0.36,1.32,1.58,0.18,1
2001-08-02,22.5,22.65,22.35,22.56,9200,0.06,0.3,0.27,1.33,0.15,1
2001-08-01,22.4,22.5,22.36,22.45,13800,0.05,0.14,0.22,0.62,0.07,-1
2001-07-31,21.92,22.5,21.92,22.45,18100,0.53,0.58,2.36,2.58,0.29,1
2001-07-30,21.8,21.92,21.77,21.9,5800,0.1,0.15,0.46,0.68,0.08,1
2001-07-27,21.88,21.9,21.7,21.78,18400,-0.1,0.2,-0.46,0.92,0.1,-1
2001-07-26,21.47,21.9,21.43,21.9,13200,0.43,0.47,1.96,2.15,0.23,1
2001-07-25,21.49,21.5,21.41,21.5,33200,0.01,0.09,0.05,0.42,0.04,1
2001-07-24,21.44,21.49,21.4,21.49,7000,0.05,0.09,0.23,0.42,0.04,1
2001-07-23,21.43,21.5,21.2,21.4,14200,-0.03,0.3,-0.14,1.4,0.15,-1
2001-07-20,21.95,21.99,21.35,21.41,16600,-0.54,0.64,-2.52,2.99,0.32,-1
2001-07-19,21.89,21.97,21.89,21.97,900,0.08,0.08,0.36,0.36,0.04,1
2001-07-18,21.9,21.95,21.65,21.85,12400,-0.05,0.3,-0.23,1.37,0.15,-1
2001-07-17,21.4,21.99,21.4,21.95,13600,0.55,0.59,2.51,2.69,0.29,1
2001-07-16,21.4,21.5,21.4,21.48,9600,0.08,0.1,0.37,0.47,0.05,1
2001-07-13,21.48,21.53,21.45,21.45,9900,-0.03,0.08,-0.14,0.37,0.04,-1
2001-07-12,21.48,21.49,21.46,21.49,4700,0.01,0.03,0.05,0.14,0.01,1
2001-07-11,21.55,21.58,21.4,21.45,8300,-0.1,0.18,-0.47,0.84,0.09,-1
2001-07-10,21.85,21.85,21.57,21.62,12100,-0.23,0.28,-1.06,1.3,0.14,-1
2001-07-09,21.7,21.99,21.7,21.85,10700,0.15,0.29,0.69,1.33,0.14,1
2001-07-06,22.28,22.28,21.75,21.8,8100,-0.48,0.53,-2.2,2.43,0.27,-1
2001-07-05,21.85,22.3,21.83,22.27,6500,0.42,0.47,1.89,2.11,0.24,1
2001-07-03,22.0,22.0,21.75,21.83,6200,-0.17,0.25,-0.78,1.15,0.12,-1
2001-07-02,21.75,22.3,21.5,21.99,28200,0.24,0.8,1.09,3.64,0.4,-1
2001-06-29,21.99,22.24,21.7,22.0,105100,0.01,0.54,0.05,2.45,0.27,-1
2001-06-28,22.1,22.24,21.9,22.0,16600,-0.1,0.34,-0.45,1.55,0.17,-1
2001-06-27,22.0,22.01,21.73,22.0,17300,0.0,0.28,0.0,1.27,0.14,-1
2001-06-26,21.85,22.48,21.85,22.15,10600,0.3,0.63,1.35,2.84,0.31,1
2001-06-25,21.85,22.0,21.5,21.85,8100,0.0,0.5,0.0,2.29,0.25,1
2001-06-22,21.35,21.8,21.35,21.76,7600,0.41,0.45,1.88,2.07,0.22,1
2001-06-21,21.15,21.25,21.11,21.25,10500,0.1,0.14,0.47,0.66,0.07,1
2001-06-20,21.25,21.3,21.13,21.17,6600,-0.08,0.17,-0.38,0.8,0.09,-1
2001-06-19,21.4,21.4,21.28,21.28,2600,-0.12,0.12,-0.56,0.56,0.06,-1
2001-06-18,21.9,22.0,21.3,21.3,21600,-0.6,0.7,-2.82,3.29,0.35,-1
2001-06-15,21.91,21.95,21.9,21.95,4700,0.04,0.05,0.18,0.23,0.03,1
2001-06-14,21.92,22.0,21.91,21.94,5200,0.02,0.09,0.09,0.41,0.04,-1
2001-06-13,21.95,22.0,21.85,21.95,8500,0.0,0.15,0.0,0.68,0.07,-1
2001-06-12,21.9,21.95,21.86,21.95,5900,0.05,0.09,0.23,0.41,0.04,1
2001-06-11,21.75,21.9,21.71,21.9,15400,0.15,0.19,0.68,0.87,0.09,1
2001-06-08,21.77,21.77,21.7,21.71,2200,-0.06,0.07,-0.28,0.32,0.04,-1
2001-06-07,21.83,21.83,21.8,21.81,2100,-0.02,0.03,-0.09,0.14,0.01,-1
2001-06-06,21.79,21.83,21.79,21.83,3100,0.04,0.04,0.18,0.18,0.02,-1
2001-06-05,21.83,21.83,21.75,21.83,3400,0.0,0.08,0.0,0.37,0.04,-1
2001-06-04,21.83,21.83,21.75,21.83,6100,0.0,0.08,0.0,0.37,0.04,-1
2001-06-01,21.55,21.83,21.55,21.83,7600,0.28,0.28,1.28,1.28,0.14,1
2001-05-31,21.83,21.83,21.33,21.65,16200,-0.18,0.5,-0.83,2.31,0.25,-1
2001-05-30,21.83,21.83,21.41,21.8,13500,-0.03,0.42,-0.14,1.93,0.21,-1
2001-05-29,21.83,21.83,21.76,21.8,2700,-0.03,0.07,-0.14,0.32,0.03,-1
2001-05-25,21.9,21.91,21.82,21.83,6500,-0.07,0.09,-0.32,0.41,0.04,1
2001-05-24,21.5,21.8,21.5,21.75,13200,0.25,0.3,1.15,1.38,0.15,1
2001-05-23,21.77,21.9,21.35,21.4,8100,-0.37,0.55,-1.73,2.57,0.27,-1
2001-05-22,21.84,21.92,21.77,21.77,6000,-0.07,0.15,-0.32,0.69,0.08,-1
2001-05-21,21.91,21.97,21.81,21.85,5500,-0.06,0.16,-0.27,0.73,0.08,1
2001-05-18,21.9,21.9,21.75,21.81,3700,-0.09,0.15,-0.41,0.69,0.07,1
2001-05-17,21.9,21.92,21.61,21.8,10500,-0.1,0.31,-0.46,1.42,0.16,-1
2001-05-16,21.82,21.98,21.74,21.81,7000,-0.01,0.24,-0.05,1.1,0.12,-1
2001-05-15,21.5,22.0,21.5,21.87,8100,0.37,0.5,1.69,2.29,0.25,1
2001-05-14,21.15,21.5,21.1,21.5,6000,0.35,0.4,1.63,1.86,0.2,1
2001-05-11,21.2,21.3,21.2,21.25,5900,0.05,0.1,0.24,0.47,0.05,-1
2001-05-10,21.1,21.5,21.05,21.35,5700,0.25,0.45,1.17,2.11,0.22,-1
2001-05-09,21.05,21.35,21.05,21.35,3100,0.3,0.3,1.41,1.41,0.15,1
2001-05-08,21.0,21.15,21.0,21.15,5000,0.15,0.15,0.71,0.71,0.07,1
2001-05-07,20.9,21.0,20.8,21.0,2200,0.1,0.2,0.48,0.95,0.1,1
2001-05-04,20.49,20.7,20.4,20.7,9400,0.21,0.3,1.01,1.45,0.15,1
2001-05-03,20.15,20.58,20.15,20.5,5500,0.35,0.43,1.71,2.1,0.21,1
2001-05-02,20.3,20.3,20.05,20.05,4300,-0.25,0.25,-1.25,1.25,0.12,-1
2001-05-01,20.0,20.29,20.0,20.2,6400,0.2,0.29,0.99,1.44,0.14,1
2001-04-30,19.95,20.28,19.95,20.0,15200,0.05,0.33,0.25,1.65,0.17,1
2001-04-27,19.85,20.2,19.8,19.9,9300,0.05,0.4,0.25,2.01,0.2,1
2001-04-26,19.52,19.92,19.52,19.8,2300,0.28,0.4,1.41,2.02,0.2,1
2001-04-25,19.51,19.56,19.51,19.51,2500,0.0,0.05,0.0,0.26,0.02,-1
2001-04-24,19.5,19.6,19.5,19.51,12500,0.01,0.1,0.05,0.51,0.05,-1
2001-04-23,19.6,19.61,19.55,19.55,5300,-0.05,0.06,-0.26,0.31,0.03,-1
2001-04-20,19.75,19.8,19.65,19.65,3000,-0.1,0.15,-0.51,0.76,0.08,1
2001-04-19,19.35,19.75,19.35,19.6,1500,0.25,0.4,1.28,2.04,0.2,1
2001-04-18,19.65,19.65,19.25,19.25,3900,-0.4,0.4,-2.08,2.08,0.2,-1
2001-04-17,19.94,20.0,19.65,19.65,2900,-0.29,0.35,-1.48,1.78,0.18,-1
2001-04-16,19.46,20.05,19.44,19.87,9600,0.41,0.61,2.06,3.07,0.3,1
2001-04-12,19.0,19.41,18.9,19.41,16600,0.41,0.51,2.11,2.63,0.26,1
2001-04-11,18.57,18.77,18.57,18.77,2200,0.2,0.2,1.07,1.07,0.1,1
2001-04-10,18.3,18.55,18.3,18.55,1500,0.25,0.25,1.35,1.35,0.12,1
2001-04-09,18.1,18.2,18.1,18.2,1400,0.1,0.1,0.55,0.55,0.05,1
2001-04-06,18.05,18.05,18.0,18.05,1900,0.0,0.05,0.0,0.28,0.03,1
2001-04-05,17.95,17.95,17.95,17.95,900,0.0,0.0,0.0,0.0,0.0,1
2001-04-04,17.97,17.97,17.84,17.85,1800,-0.12,0.13,-0.67,0.73,0.06,-1
2001-04-03,18.05,18.05,18.0,18.0,900,-0.05,0.05,-0.28,0.28,0.03,-1
2001-04-02,18.1,18.2,18.05,18.15,3200,0.05,0.15,0.28,0.83,0.07,1
2001-03-30,18.1,18.12,18.05,18.1,2200,0.0,0.07,0.0,0.39,0.04,1
2001-03-29,18.4,18.4,18.01,18.01,3100,-0.39,0.39,-2.17,2.17,0.19,-1
2001-03-28,18.45,18.5,18.45,18.45,1200,0.0,0.05,0.0,0.27,0.03,-1
2001-03-27,18.5,18.65,18.5,18.5,16500,0.0,0.15,0.0,0.81,0.07,-1
2001-03-26,18.55,18.6,18.55,18.6,3100,0.05,0.05,0.27,0.27,0.03,1
2001-03-23,18.36,18.5,18.36,18.5,3000,0.14,0.14,0.76,0.76,0.07,1
2001-03-22,18.7,18.7,18.1,18.26,4500,-0.44,0.6,-2.41,3.29,0.3,-1
2001-03-21,18.8,18.8,18.8,18.8,600,0.0,0.0,0.0,0.0,0.0,-1
2001-03-20,18.75,18.8,18.75,18.8,6700,0.05,0.05,0.27,0.27,0.03,1
2001-03-19,18.77,18.8,18.67,18.75,1600,-0.02,0.13,-0.11,0.69,0.06,-1
2001-03-16,18.85,18.85,18.8,18.8,6800,-0.05,0.05,-0.27,0.27,0.03,-1
2001-03-15,18.9,19.0,18.8,18.85,6000,-0.05,0.2,-0.27,1.06,0.1,-1
2001-03-14,19.1,19.1,19.02,19.03,2400,-0.07,0.08,-0.37,0.42,0.04,-1
2001-03-13,19.35,19.35,18.94,19.1,5400,-0.25,0.41,-1.31,2.15,0.21,-1
2001-03-12,19.7,19.73,19.35,19.35,11400,-0.35,0.38,-1.81,1.96,0.19,-1
2001-03-09,19.74,19.74,19.64,19.7,4800,-0.04,0.1,-0.2,0.51,0.05,-1
2001-03-08,19.81,19.81,19.65,19.74,2600,-0.07,0.16,-0.35,0.81,0.08,-1
2001-03-07,19.65,19.75,19.65,19.75,2900,0.1,0.1,0.51,0.51,0.05,1
2001-03-06,19.65,19.7,19.55,19.55,3800,-0.1,0.15,-0.51,0.77,0.07,-1
2001-03-05,19.6,19.66,19.54,19.65,3300,0.05,0.12,0.25,0.61,0.06,1
2001-03-02,19.5,19.67,19.5,19.6,2500,0.1,0.17,0.51,0.87,0.09,1
2001-03-01,19.71,19.71,19.51,19.51,2300,-0.2,0.2,-1.03,1.03,0.1,-1
2001-02-28,19.85,19.91,19.8,19.81,3700,-0.04,0.11,-0.2,0.56,0.05,-1
2001-02-27,20.0,20.0,19.9,19.95,1300,-0.05,0.1,-0.25,0.5,0.05,-1
2001-02-26,19.8,19.95,19.73,19.95,2900,0.15,0.22,0.75,1.1,0.11,1
2001-02-23,19.55,19.7,19.55,19.7,4500,0.15,0.15,0.76,0.76,0.07,1
2001-02-22,19.8,19.8,19.6,19.6,7000,-0.2,0.2,-1.02,1.02,0.1,-1
2001-02-21,19.86,20.0,19.8,19.8,2900,-0.06,0.2,-0.3,1.01,0.1,1
2001-02-20,19.59,19.79,19.49,19.79,9600,0.2,0.3,1.01,1.52,0.15,1
2001-02-16,19.7,19.71,19.29,19.49,14400,-0.21,0.42,-1.08,2.15,0.21,-1
2001-02-15,20.0,20.0,19.7,19.7,8600,-0.3,0.3,-1.52,1.52,0.15,-1
2001-02-14,20.6,20.7,20.05,20.1,6500,-0.5,0.65,-2.49,3.23,0.32,-1
2001-02-13,20.19,20.75,20.19,20.69,15100,0.5,0.56,2.42,2.71,0.28,1
2001-02-12,19.25,20.15,19.25,20.15,15000,0.9,0.9,4.47,4.47,0.45,1
2001-02-09,19.3,19.45,19.25,19.25,2600,-0.05,0.2,-0.26,1.04,0.1,1
2001-02-08,19.05,19.25,19.05,19.2,3400,0.15,0.2,0.78,1.04,0.1,1
2001-02-07,19.04,19.15,19.01,19.15,3000,0.11,0.14,0.57,0.73,0.07,1
2001-02-06,19.06,19.1,19.01,19.01,3700,-0.05,0.09,-0.26,0.47,0.04,-1
2001-02-05,19.3,19.3,19.05,19.05,1900,-0.25,0.25,-1.31,1.31,0.12,-1
2001-02-02,18.78,19.25,18.78,19.25,11200,0.47,0.47,2.44,2.44,0.23,1
2001-02-01,18.7,18.8,18.7,18.75,11600,0.05,0.1,0.27,0.53,0.05,1
2001-01-31,18.55,18.61,18.48,18.57,3900,0.02,0.13,0.11,0.7,0.06,1
2001-01-30,18.56,18.56,18.3,18.55,8600,-0.01,0.26,-0.05,1.4,0.13,1
2001-01-29,18.18,18.44,18.15,18.44,4300,0.26,0.29,1.41,1.57,0.15,1
2001-01-26,18.44,18.44,18.0,18.06,3000,-0.38,0.44,-2.1,2.44,0.22,-1
2001-01-25,18.38,18.5,18.25,18.44,6800,0.06,0.25,0.33,1.36,0.12,1
2001-01-24,18.12,18.38,18.0,18.31,11600,0.19,0.38,1.04,2.08,0.19,1
2001-01-23,17.69,18.12,17.56,18.0,7500,0.31,0.56,1.72,3.11,0.28,1
2001-01-22,17.38,17.62,17.31,17.5,20100,0.12,0.31,0.69,1.77,0.16,-1
2001-01-19,17.19,17.5,17.19,17.5,1800,0.31,0.31,1.77,1.77,0.15,1
2001-01-18,17.62,17.75,17.0,17.06,11400,-0.56,0.75,-3.28,4.4,0.38,-1
2001-01-17,17.75,18.0,17.5,17.5,12900,-0.25,0.5,-1.43,2.86,0.25,-1
2001-01-16,16.69,17.69,16.69,17.69,15400,1.0,1.0,5.65,5.65,0.5,1
2001-01-12,16.5,16.69,16.5,16.69,2000,0.19,0.19,1.14,1.14,0.1,1
2001-01-11,16.25,16.5,16.0,16.38,9100,0.13,0.5,0.79,3.05,0.25,1
2001-01-10,16.38,16.38,15.88,16.19,11500,-0.19,0.5,-1.17,3.09,0.25,-1
2001-01-09,16.12,16.62,16.12,16.38,4800,0.26,0.5,1.59,3.05,0.25,1
2001-01-08,16.62,17.0,16.25,16.25,7700,-0.37,0.75,-2.28,4.62,0.38,-1
2001-01-05,16.88,16.88,16.62,16.69,7000,-0.19,0.26,-1.14,1.56,0.13,-1
2001-01-04,15.75,17.0,15.75,16.88,19200,1.13,1.25,6.69,7.41,0.62,1
2001-01-03,15.5,15.94,15.5,15.75,20100,0.25,0.44,1.59,2.79,0.22,1
2001-01-02,15.25,15.56,15.25,15.5,8100,0.25,0.31,1.61,2.0,0.16,1
2000-12-29,15.38,15.38,15.06,15.25,15300,-0.13,0.32,-0.85,2.1,0.16,-1
2000-12-28,14.69,15.38,14.69,15.25,15800,0.56,0.69,3.67,4.52,0.35,1
2000-12-27,14.5,14.81,14.5,14.75,23500,0.25,0.31,1.69,2.1,0.16,1
2000-12-26,14.5,14.81,14.5,14.5,8800,0.0,0.31,0.0,2.14,0.16,-1
2000-12-22,14.5,14.62,14.38,14.5,7400,0.0,0.24,0.0,1.66,0.12,-1
2000-12-21,14.62,14.62,14.5,14.5,3300,-0.12,0.12,-0.83,0.83,0.06,-1
2000-12-20,14.56,14.56,14.19,14.5,17200,-0.06,0.37,-0.41,2.55,0.19,1
2000-12-19,14.62,14.62,14.12,14.44,27600,-0.18,0.5,-1.25,3.46,0.25,-1
2000-12-18,14.81,14.81,14.62,14.62,3300,-0.19,0.19,-1.3,1.3,0.1,-1
2000-12-15,14.62,14.69,14.62,14.69,3100,0.07,0.07,0.48,0.48,0.04,-1
2000-12-14,14.75,14.88,14.62,14.75,6000,0.0,0.26,0.0,1.76,0.13,-1
2000-12-13,14.94,14.94,14.62,14.88,3500,-0.06,0.32,-0.4,2.15,0.16,1
2000-12-12,14.5,14.81,14.5,14.81,3700,0.31,0.31,2.09,2.09,0.16,1
2000-12-11,14.38,14.62,14.31,14.62,3900,0.24,0.31,1.64,2.12,0.15,1
2000-12-08,14.19,14.31,14.12,14.31,15400,0.12,0.19,0.84,1.33,0.1,1
2000-12-07,14.0,14.31,14.0,14.12,6400,0.12,0.31,0.85,2.2,0.16,1
2000-12-06,14.0,14.5,13.88,14.0,47400,0.0,0.62,0.0,4.43,0.31,1
2000-12-05,15.88,15.88,13.75,13.88,142700,-2.0,2.13,-14.41,15.35,1.07,-1
2000-12-04,16.62,16.62,16.5,16.56,11200,-0.06,0.12,-0.36,0.72,0.06,1
2000-12-01,16.25,16.38,16.25,16.38,2000,0.13,0.13,0.79,0.79,0.06,-1
2000-11-30,16.75,16.75,16.38,16.38,2700,-0.37,0.37,-2.26,2.26,0.19,-1
2000-11-29,16.88,16.94,16.75,16.75,3000,-0.13,0.19,-0.78,1.13,0.1,-1
2000-11-28,16.94,16.94,16.75,16.81,800,-0.13,0.19,-0.77,1.13,0.1,-1
2000-11-27,16.81,16.94,16.75,16.94,4600,0.13,0.19,0.77,1.12,0.1,1
2000-11-24,16.38,16.75,16.38,16.69,1600,0.31,0.37,1.86,2.22,0.19,1
2000-11-22,16.38,16.44,16.25,16.31,6800,-0.07,0.19,-0.43,1.16,0.1,-1
2000-11-21,16.5,16.56,16.5,16.5,2400,0.0,0.06,0.0,0.36,0.03,-1
2000-11-20,16.75,16.75,16.5,16.56,12200,-0.19,0.25,-1.15,1.51,0.12,1
2000-11-17,16.5,16.5,16.5,16.5,7000,0.0,0.0,0.0,0.0,0.0,-1
2000-11-16,16.31,16.5,16.31,16.5,2100,0.19,0.19,1.15,1.15,0.1,1
2000-11-15,16.31,16.31,16.31,16.31,300,0.0,0.0,0.0,0.0,0.0,-1
2000-11-14,16.44,16.5,16.31,16.44,21300,0.0,0.19,0.0,1.16,0.1,1
2000-11-13,16.0,16.31,16.0,16.31,9300,0.31,0.31,1.9,1.9,0.15,-1
2000-11-10,16.62,16.62,16.38,16.5,15800,-0.12,0.24,-0.73,1.45,0.12,-1
2000-11-09,16.75,16.75,16.75,16.75,100,0.0,0.0,0.0,0.0,0.0,-1
2000-11-08,16.94,16.94,16.75,16.81,15000,-0.13,0.19,-0.77,1.13,0.1,-1
2000-11-07,16.81,16.94,16.81,16.94,2300,0.13,0.13,0.77,0.77,0.07,-1
2000-11-06,17.25,17.38,16.88,16.94,10500,-0.31,0.5,-1.83,2.95,0.25,-1
2000-11-03,17.44,17.44,17.12,17.25,23000,-0.19,0.32,-1.1,1.86,0.16,-1
2000-11-02,17.69,17.69,17.38,17.56,7800,-0.13,0.31,-0.74,1.77,0.16,-1
2000-11-01,17.75,17.75,17.62,17.69,3300,-0.06,0.13,-0.34,0.73,0.06,1
2000-10-31,16.81,17.5,16.81,17.5,4900,0.69,0.69,3.94,3.94,0.35,1
2000-10-30,16.75,16.81,16.5,16.81,61200,0.06,0.31,0.36,1.84,0.15,1
2000-10-27,16.69,16.69,16.69,16.69,300,0.0,0.0,0.0,0.0,0.0,-1
2000-10-26,16.75,16.75,16.62,16.69,2800,-0.06,0.13,-0.36,0.78,0.06,-1
2000-10-25,16.5,16.88,16.5,16.88,13500,0.38,0.38,2.25,2.25,0.19,1
2000-10-24,16.25,16.44,16.25,16.38,2500,0.13,0.19,0.79,1.16,0.1,1
2000-10-23,16.25,16.38,16.12,16.19,21600,-0.06,0.26,-0.37,1.61,0.13,-1
2000-10-20,16.38,16.38,16.25,16.38,15000,0.0,0.13,0.0,0.79,0.06,1
2000-10-19,16.38,16.44,16.25,16.25,56200,-0.13,0.19,-0.8,1.17,0.1,-1
2000-10-18,16.25,16.31,16.25,16.31,1500,0.06,0.06,0.37,0.37,0.03,-1
2000-10-17,16.88,16.88,16.38,16.38,4600,-0.5,0.5,-3.05,3.05,0.25,-1
2000-10-16,17.12,17.12,17.0,17.0,1900,-0.12,0.12,-0.71,0.71,0.06,-1
2000-10-13,16.94,17.0,16.94,17.0,8700,0.06,0.06,0.35,0.35,0.03,-1
2000-10-12,17.31,17.31,16.94,17.06,13000,-0.25,0.37,-1.47,2.17,0.18,-1
2000-10-11,17.44,17.44,17.44,17.44,0,0.0,0.0,0.0,0.0,0.0,-1
2000-10-10,17.69,17.69,17.44,17.44,7400,-0.25,0.25,-1.43,1.43,0.12,-1
2000-10-09,17.56,17.56,17.56,17.56,0,0.0,0.0,0.0,0.0,0.0,-1
2000-10-06,17.69,17.69,17.56,17.56,7800,-0.13,0.13,-0.74,0.74,0.07,-1
2000-10-05,17.81,17.94,17.75,17.75,1400,-0.06,0.19,-0.34,1.07,0.1,-1
2000-10-04,17.81,17.94,17.81,17.88,98100,0.07,0.13,0.39,0.73,0.07,1
2000-10-03,17.75,17.94,17.75,17.81,18200,0.06,0.19,0.34,1.07,0.1,1
2000-10-02,17.75,17.81,17.75,17.75,7500,0.0,0.06,0.0,0.34,0.03,-1
2000-09-29,17.56,17.88,17.56,17.88,4200,0.32,0.32,1.79,1.79,0.16,1
2000-09-28,18.0,18.0,17.5,17.56,9600,-0.44,0.5,-2.51,2.85,0.25,-1
2000-09-27,18.0,18.12,18.0,18.0,10700,0.0,0.12,0.0,0.67,0.06,-1
2000-09-26,19.25,19.25,18.19,18.25,24500,-1.0,1.06,-5.48,5.81,0.53,-1
2000-09-25,20.81,20.81,19.88,19.88,18200,-0.93,0.93,-4.68,4.68,0.46,-1
2000-09-22,21.25,21.25,20.94,20.94,6600,-0.31,0.31,-1.48,1.48,0.15,-1
2000-09-21,21.75,21.75,21.38,21.38,3300,-0.37,0.37,-1.73,1.73,0.19,-1
2000-09-20,21.44,21.88,21.31,21.88,4900,0.44,0.57,2.01,2.61,0.29,1
2000-09-19,21.62,21.75,21.62,21.69,4900,0.07,0.13,0.32,0.6,0.06,1
2000-09-18,21.75,22.06,21.5,21.5,11900,-0.25,0.56,-1.16,2.6,0.28,-1
2000-09-15,21.62,21.81,21.62,21.75,11900,0.13,0.19,0.6,0.87,0.09,-1
2000-09-14,21.88,21.88,21.5,21.75,9900,-0.13,0.38,-0.6,1.75,0.19,-1
2000-09-13,22.38,22.38,21.88,21.88,21100,-0.5,0.5,-2.29,2.29,0.25,-1
2000-09-12,21.69,22.25,21.69,22.25,3500,0.56,0.56,2.52,2.52,0.28,1
2000-09-11,22.12,22.12,21.5,21.56,10300,-0.56,0.62,-2.6,2.88,0.31,-1
2000-09-08,22.25,22.25,22.12,22.25,6800,0.0,0.13,0.0,0.58,0.06,-1
2000-09-07,21.56,22.38,21.56,22.38,9800,0.82,0.82,3.66,3.66,0.41,1
2000-09-06,21.94,22.0,21.81,21.81,29600,-0.13,0.19,-0.6,0.87,0.1,-1
2000-09-05,21.94,22.06,21.75,22.06,9800,0.12,0.31,0.54,1.41,0.15,-1
2000-09-01,22.06,22.12,21.94,22.06,6100,0.0,0.18,0.0,0.82,0.09,-1
2000-08-31,22.12,22.12,22.12,22.12,3300,0.0,0.0,0.0,0.0,0.0,1
2000-08-30,22.0,22.12,22.0,22.06,3000,0.06,0.12,0.27,0.54,0.06,-1
2000-08-29,22.0,22.5,22.0,22.06,18900,0.06,0.5,0.27,2.27,0.25,1
2000-08-28,22.12,22.19,21.81,21.88,5700,-0.24,0.38,-1.1,1.74,0.19,-1
2000-08-25,22.44,22.44,22.06,22.06,1500,-0.38,0.38,-1.72,1.72,0.19,-1
2000-08-24,21.75,22.38,21.75,22.38,26700,0.63,0.63,2.82,2.82,0.31,1
2000-08-23,21.5,21.62,21.5,21.62,1000,0.12,0.12,0.56,0.56,0.06,1
2000-08-22,21.25,21.38,21.25,21.38,29100,0.13,0.13,0.61,0.61,0.06,-1
2000-08-21,21.56,21.56,21.44,21.5,3600,-0.06,0.12,-0.28,0.56,0.06,1
2000-08-18,21.44,21.44,21.38,21.38,5700,-0.06,0.06,-0.28,0.28,0.03,1
2000-08-17,21.06,21.19,20.81,21.19,21600,0.13,0.38,0.61,1.79,0.19,1
2000-08-16,21.06,21.06,21.06,21.06,1800,0.0,0.0,0.0,0.0,0.0,-1
2000-08-15,21.0,21.06,20.62,21.06,8800,0.06,0.44,0.28,2.09,0.22,1
2000-08-14,21.0,21.38,20.5,21.0,18800,0.0,0.88,0.0,4.19,0.44,-1
2000-08-11,20.38,21.38,20.12,21.12,12100,0.74,1.26,3.5,5.97,0.63,1
2000-08-10,20.12,21.25,20.12,20.62,35400,0.5,1.13,2.42,5.48,0.56,1
2000-08-09,20.06,20.06,20.0,20.0,2500,-0.06,0.06,-0.3,0.3,0.03,-1
2000-08-08,19.94,20.06,19.94,20.0,11300,0.06,0.12,0.3,0.6,0.06,1
2000-08-07,19.94,20.0,19.88,19.94,24600,0.0,0.12,0.0,0.6,0.06,-1
2000-08-04,19.75,19.94,19.75,19.94,4300,0.19,0.19,0.95,0.95,0.1,1
2000-08-03,19.31,19.88,19.31,19.75,24700,0.44,0.57,2.23,2.89,0.29,1
2000-08-02,19.31,19.44,19.31,19.31,7000,0.0,0.13,0.0,0.67,0.07,-1
2000-08-01,19.25,19.31,19.25,19.31,1900,0.06,0.06,0.31,0.31,0.03,-1
2000-07-31,19.25,19.31,19.19,19.31,13100,0.06,0.12,0.31,0.62,0.06,1
2000-07-28,19.06,19.19,19.0,19.12,22400,0.06,0.19,0.31,0.99,0.1,1
2000-07-27,19.19,19.19,19.06,19.06,22000,-0.13,0.13,-0.68,0.68,0.07,-1
2000-07-26,19.19,19.25,19.19,19.19,23600,0.0,0.06,0.0,0.31,0.03,1
2000-07-25,19.12,19.19,19.09,19.12,21900,0.0,0.1,0.0,0.52,0.05,-1
2000-07-24,19.19,19.38,19.12,19.12,9700,-0.07,0.26,-0.37,1.36,0.13,1
2000-07-21,18.56,19.19,18.56,19.0,21700,0.44,0.63,2.32,3.32,0.32,1
2000-07-20,18.25,18.44,18.25,18.44,6100,0.19,0.19,1.03,1.03,0.1,1
2000-07-19,18.19,18.38,18.19,18.25,15500,0.06,0.19,0.33,1.04,0.09,-1
2000-07-18,17.75,18.44,17.75,18.31,65100,0.56,0.69,3.06,3.77,0.35,1
2000-07-17,17.38,17.62,17.38,17.38,13800,0.0,0.24,0.0,1.38,0.12,1
2000-07-14,17.25,17.44,17.25,17.31,5700,0.06,0.19,0.35,1.1,0.1,1
2000-07-13,17.31,17.31,17.19,17.25,4200,-0.06,0.12,-0.35,0.7,0.06,1
2000-07-12,17.38,17.44,17.19,17.19,8300,-0.19,0.25,-1.11,1.45,0.12,-1
2000-07-11,17.5,17.62,17.44,17.44,3500,-0.06,0.18,-0.34,1.03,0.09,1
2000-07-10,17.25,17.38,17.12,17.38,8000,0.13,0.26,0.75,1.5,0.13,-1
2000-07-07,17.0,17.5,17.0,17.38,7700,0.38,0.5,2.19,2.88,0.25,1
2000-07-06,17.31,17.31,16.88,17.0,7200,-0.31,0.43,-1.82,2.53,0.21,-1
2000-07-05,17.62,17.62,17.31,17.31,3500,-0.31,0.31,-1.79,1.79,0.16,-1
2000-07-03,17.88,17.88,17.56,17.62,8300,-0.26,0.32,-1.48,1.82,0.16,-1
2000-06-30,16.81,18.0,15.88,18.0,101400,1.19,2.12,6.61,11.78,1.06,1
2000-06-29,15.94,16.56,15.88,16.56,21900,0.62,0.68,3.74,4.11,0.34,1
2000-06-28,15.44,16.12,15.44,15.81,58300,0.37,0.68,2.34,4.3,0.34,1
2000-06-27,15.25,15.44,15.25,15.38,14900,0.13,0.19,0.85,1.24,0.09,1
2000-06-26,15.31,15.38,15.19,15.25,10200,-0.06,0.19,-0.39,1.25,0.1,-1
2000-06-23,15.81,15.81,15.44,15.44,39000,-0.37,0.37,-2.4,2.4,0.19,-1
2000-06-22,16.0,16.06,15.88,15.94,15400,-0.06,0.18,-0.38,1.13,0.09,-1
2000-06-21,16.0,16.06,16.0,16.06,3300,0.06,0.06,0.37,0.37,0.03,-1
2000-06-20,16.31,16.38,16.12,16.12,2300,-0.19,0.26,-1.18,1.61,0.13,-1
2000-06-19,16.38,16.44,16.38,16.44,5100,0.06,0.06,0.36,0.36,0.03,1
2000-06-16,16.44,17.0,16.25,16.25,21900,-0.19,0.75,-1.17,4.62,0.38,-1
2000-06-15,16.0,16.44,16.0,16.44,9500,0.44,0.44,2.68,2.68,0.22,1
2000-06-14,16.0,16.06,16.0,16.06,4700,0.06,0.06,0.37,0.37,0.03,1
2000-06-13,16.06,16.12,16.0,16.0,9100,-0.06,0.12,-0.37,0.75,0.06,1
2000-06-12,16.19,16.19,15.88,15.94,7700,-0.25,0.31,-1.57,1.94,0.16,-1
2000-06-09,16.06,16.06,15.94,16.0,1800,-0.06,0.12,-0.37,0.75,0.06,-1
2000-06-08,16.0,16.12,15.94,16.06,5600,0.06,0.18,0.37,1.12,0.09,-1
2000-06-07,16.06,16.06,15.75,16.06,11700,0.0,0.31,0.0,1.93,0.15,1
2000-06-06,16.06,16.06,16.0,16.0,6800,-0.06,0.06,-0.37,0.37,0.03,-1
2000-06-05,16.19,16.19,16.0,16.0,19700,-0.19,0.19,-1.19,1.19,0.1,-1
2000-06-02,16.0,16.25,15.88,16.19,17000,0.19,0.37,1.17,2.29,0.18,1
2000-06-01,15.56,15.62,15.38,15.62,24500,0.06,0.24,0.38,1.54,0.12,1
2000-05-31,15.56,15.56,15.31,15.44,9100,-0.12,0.25,-0.78,1.62,0.12,-1
2000-05-30,15.56,15.62,15.44,15.44,12800,-0.12,0.18,-0.78,1.17,0.09,-1
2000-05-26,15.25,15.44,15.25,15.44,9100,0.19,0.19,1.23,1.23,0.09,1
2000-05-25,15.25,15.62,15.12,15.12,20800,-0.13,0.5,-0.86,3.31,0.25,-1
2000-05-24,15.38,15.38,15.12,15.12,10400,-0.26,0.26,-1.72,1.72,0.13,-1
2000-05-23,15.5,15.81,15.44,15.44,13700,-0.06,0.37,-0.39,2.4,0.19,1
2000-05-22,15.12,15.38,15.12,15.31,10800,0.19,0.26,1.24,1.7,0.13,1
2000-05-19,15.19,15.19,15.0,15.19,18800,0.0,0.19,0.0,1.25,0.09,1
2000-05-18,15.5,15.5,15.0,15.12,15100,-0.38,0.5,-2.51,3.31,0.25,-1
2000-05-17,15.44,15.56,15.38,15.5,7700,0.06,0.18,0.39,1.16,0.09,1
2000-05-16,15.88,15.88,15.12,15.38,32900,-0.5,0.76,-3.25,4.94,0.38,-1
2000-05-15,15.75,15.94,15.5,15.62,33600,-0.13,0.44,-0.83,2.82,0.22,-1
2000-05-12,16.25,16.25,15.56,15.62,38500,-0.63,0.69,-4.03,4.42,0.34,-1
2000-05-11,16.19,16.38,16.19,16.25,4700,0.06,0.19,0.37,1.17,0.09,-1
2000-05-10,16.5,16.5,16.25,16.31,27800,-0.19,0.25,-1.16,1.53,0.12,-1
2000-05-09,16.69,16.81,16.62,16.75,25000,0.06,0.19,0.36,1.13,0.09,-1
2000-05-08,16.94,17.0,16.69,16.88,13200,-0.06,0.31,-0.36,1.84,0.15,1
2000-05-05,16.38,16.81,16.38,16.81,16900,0.43,0.43,2.56,2.56,0.21,1
2000-05-04,16.56,16.56,16.44,16.5,3600,-0.06,0.12,-0.36,0.73,0.06,-1
2000-05-03,16.69,16.69,16.56,16.62,7400,-0.07,0.13,-0.42,0.78,0.07,-1
2000-05-02,16.69,17.0,16.62,16.62,4300,-0.07,0.38,-0.42,2.29,0.19,-1
2000-05-01,16.94,16.94,16.44,16.69,14300,-0.25,0.5,-1.5,3.0,0.25,-1
2000-04-28,16.88,17.0,16.75,17.0,5700,0.12,0.25,0.71,1.47,0.12,1
2000-04-27,16.75,17.0,16.62,16.62,9200,-0.13,0.38,-0.78,2.29,0.19,-1
2000-04-26,16.94,17.19,16.88,16.88,6100,-0.06,0.31,-0.36,1.84,0.16,-1
2000-04-25,17.19,17.19,16.94,17.0,16800,-0.19,0.25,-1.12,1.47,0.12,-1
2000-04-24,17.19,17.19,17.06,17.06,1900,-0.13,0.13,-0.76,0.76,0.07,-1
2000-04-20,17.12,17.25,17.06,17.06,7300,-0.06,0.19,-0.35,1.11,0.1,-1
2000-04-19,17.12,17.12,17.06,17.06,4000,-0.06,0.06,-0.35,0.35,0.03,-1
2000-04-18,17.12,17.25,16.88,17.25,19300,0.13,0.37,0.75,2.14,0.19,-1
2000-04-17,16.62,17.25,16.62,17.25,14800,0.63,0.63,3.65,3.65,0.31,1
2000-04-14,16.88,17.0,16.5,16.75,20200,-0.13,0.5,-0.78,2.99,0.25,-1
2000-04-13,17.31,17.31,16.88,16.88,6700,-0.43,0.43,-2.55,2.55,0.21,-1
2000-04-12,17.5,17.75,17.25,17.25,5400,-0.25,0.5,-1.45,2.9,0.25,-1
2000-04-11,17.62,17.75,17.44,17.5,43300,-0.12,0.31,-0.69,1.77,0.15,-1
2000-04-10,17.62,17.69,17.5,17.62,44400,0.0,0.19,0.0,1.08,0.1,-1
2000-04-07,17.62,17.75,17.62,17.62,17000,0.0,0.13,0.0,0.74,0.06,1
2000-04-06,17.62,17.75,17.5,17.56,5900,-0.06,0.25,-0.34,1.42,0.12,1
2000-04-05,17.38,17.75,17.38,17.5,6600,0.12,0.37,0.69,2.11,0.19,1
2000-04-04,17.62,17.62,17.31,17.38,9500,-0.24,0.31,-1.38,1.78,0.16,-1
2000-04-03,18.0,18.0,17.62,17.75,9700,-0.25,0.38,-1.41,2.14,0.19,-1
2000-03-31,18.38,18.38,18.0,18.12,10900,-0.26,0.38,-1.43,2.1,0.19,-1
2000-03-30,18.12,18.25,18.12,18.25,4500,0.13,0.13,0.71,0.71,0.06,1
2000-03-29,18.0,18.06,18.0,18.0,2900,0.0,0.06,0.0,0.33,0.03,-1
2000-03-28,18.31,18.31,17.88,18.12,8100,-0.19,0.43,-1.05,2.37,0.21,-1
2000-03-27,17.5,18.25,17.5,18.25,17400,0.75,0.75,4.11,4.11,0.38,1
2000-03-24,16.81,17.38,16.81,17.38,40200,0.57,0.57,3.28,3.28,0.29,1
2000-03-23,17.0,17.0,16.81,16.94,1700,-0.06,0.19,-0.35,1.12,0.1,1
2000-03-22,16.88,16.88,16.75,16.75,13000,-0.13,0.13,-0.78,0.78,0.06,-1
2000-03-21,17.12,17.12,16.75,17.0,34700,-0.12,0.37,-0.71,2.18,0.19,1
2000-03-20,17.06,17.12,16.88,16.88,7600,-0.18,0.24,-1.07,1.42,0.12,-1
2000-03-17,17.31,17.31,17.0,17.0,8500,-0.31,0.31,-1.82,1.82,0.15,-1
2000-03-16,16.62,17.44,16.62,17.44,7800,0.82,0.82,4.7,4.7,0.41,1
2000-03-15,16.31,16.69,16.19,16.62,10800,0.31,0.5,1.87,3.01,0.25,1
2000-03-14,16.62,16.62,16.25,16.25,3400,-0.37,0.37,-2.28,2.28,0.19,-1
2000-03-13,16.69,16.69,16.62,16.62,13100,-0.07,0.07,-0.42,0.42,0.04,-1
2000-03-10,16.56,16.94,16.56,16.94,6300,0.38,0.38,2.24,2.24,0.19,1
2000-03-09,16.62,16.62,16.25,16.44,14000,-0.18,0.37,-1.09,2.25,0.19,1
2000-03-08,16.44,16.44,16.31,16.38,8900,-0.06,0.13,-0.37,0.79,0.07,-1
2000-03-07,17.69,17.69,16.44,16.56,13000,-1.13,1.25,-6.82,7.55,0.62,-1
2000-03-06,17.62,17.81,17.56,17.81,8400,0.19,0.25,1.07,1.4,0.12,1
2000-03-03,17.62,17.88,17.56,17.75,14000,0.13,0.32,0.73,1.8,0.16,1
2000-03-02,17.0,17.38,16.88,17.38,51800,0.38,0.5,2.19,2.88,0.25,1
2000-03-01,16.62,17.06,16.62,17.0,16400,0.38,0.44,2.24,2.59,0.22,1
2000-02-29,16.62,16.62,16.44,16.62,13700,0.0,0.18,0.0,1.08,0.09,-1
2000-02-28,16.25,16.62,16.25,16.62,7400,0.37,0.37,2.23,2.23,0.19,1
2000-02-25,16.62,16.62,16.25,16.25,61700,-0.37,0.37,-2.28,2.28,0.19,-1
2000-02-24,16.75,16.75,16.56,16.56,4200,-0.19,0.19,-1.15,1.15,0.1,-1
2000-02-23,16.94,17.06,16.75,16.75,5300,-0.19,0.31,-1.13,1.85,0.15,-1
2000-02-22,16.75,17.12,16.75,17.06,26500,0.31,0.37,1.82,2.17,0.19,1
2000-02-18,16.94,16.94,16.5,16.5,4800,-0.44,0.44,-2.67,2.67,0.22,-1
2000-02-17,17.0,17.0,16.88,16.88,8700,-0.12,0.12,-0.71,0.71,0.06,-1
2000-02-16,17.0,17.12,16.88,17.12,4300,0.12,0.24,0.7,1.4,0.12,1
2000-02-15,16.75,17.0,16.0,16.88,52800,0.13,1.0,0.77,5.92,0.5,-1
2000-02-14,16.62,16.88,16.38,16.88,4800,0.26,0.5,1.54,2.96,0.25,1
2000-02-11,16.56,16.69,16.31,16.5,17400,-0.06,0.38,-0.36,2.3,0.19,-1
2000-02-10,17.75,17.75,16.75,16.75,10000,-1.0,1.0,-5.97,5.97,0.5,-1
2000-02-09,17.81,17.81,17.5,17.62,7800,-0.19,0.31,-1.08,1.76,0.15,-1
2000-02-08,18.56,18.56,17.81,17.81,11400,-0.75,0.75,-4.21,4.21,0.38,-1
2000-02-07,19.38,19.44,18.5,18.5,7700,-0.88,0.94,-4.76,5.08,0.47,-1
2000-02-04,19.06,19.38,19.0,19.31,7100,0.25,0.38,1.29,1.97,0.19,1
2000-02-03,18.69,19.0,18.69,19.0,6600,0.31,0.31,1.63,1.63,0.15,1
2000-02-02,18.75,18.88,18.75,18.81,10900,0.06,0.13,0.32,0.69,0.06,1
2000-02-01,17.25,18.81,17.19,18.75,22100,1.5,1.62,8.0,8.64,0.81,1
2000-01-31,18.12,18.12,17.12,17.25,11700,-0.87,1.0,-5.04,5.8,0.5,-1
2000-01-28,18.5,18.5,18.0,18.0,6200,-0.5,0.5,-2.78,2.78,0.25,-1
2000-01-27,18.44,18.56,18.19,18.44,17900,0.0,0.37,0.0,2.01,0.18,1
2000-01-26,17.81,18.44,17.81,18.31,23500,0.5,0.63,2.73,3.44,0.32,1
2000-01-25,17.62,17.81,17.56,17.81,10300,0.19,0.25,1.07,1.4,0.12,1
2000-01-24,18.38,18.38,17.25,17.44,51600,-0.94,1.13,-5.39,6.48,0.56,-1
2000-01-21,18.88,19.25,18.25,18.38,12200,-0.5,1.0,-2.72,5.44,0.5,-1
2000-01-20,19.0,19.06,18.69,19.0,9000,0.0,0.37,0.0,1.95,0.18,-1
2000-01-19,18.75,19.12,18.75,19.12,13400,0.37,0.37,1.94,1.94,0.19,-1
2000-01-18,19.75,19.75,19.62,19.62,19500,-0.13,0.13,-0.66,0.66,0.06,-1
2000-01-14,19.75,19.75,19.62,19.75,2900,0.0,0.13,0.0,0.66,0.06,1
2000-01-13,19.38,19.75,19.38,19.69,11300,0.31,0.37,1.57,1.88,0.19,1
2000-01-12,19.5,19.5,19.12,19.12,19400,-0.38,0.38,-1.99,1.99,0.19,-1
2000-01-11,20.0,20.0,19.31,19.56,12700,-0.44,0.69,-2.25,3.53,0.35,-1
2000-01-10,19.88,20.0,19.75,20.0,13000,0.12,0.25,0.6,1.25,0.12,1
2000-01-07,19.62,19.62,19.5,19.62,3300,0.0,0.12,0.0,0.61,0.06,1
2000-01-06,19.62,19.69,19.5,19.5,11600,-0.12,0.19,-0.62,0.97,0.1,-1
2000-01-05,20.0,20.0,19.56,19.69,23400,-0.31,0.44,-1.57,2.23,0.22,1
2000-01-04,19.5,19.56,19.5,19.56,5900,0.06,0.06,0.31,0.31,0.03,-1
2000-01-03,19.81,19.81,19.56,19.62,14800,-0.19,0.25,-0.97,1.27,0.12,-1
1999-12-31,19.75,19.81,19.62,19.81,3500,0.06,0.19,0.3,0.96,0.09,1
1999-12-30,20.0,20.0,19.75,19.75,5100,-0.25,0.25,-1.27,1.27,0.12,-1
1999-12-29,19.94,20.0,19.75,19.94,15000,0.0,0.25,0.0,1.25,0.12,1
1999-12-28,19.75,19.94,19.75,19.75,3300,0.0,0.19,0.0,0.96,0.1,-1
1999-12-27,19.75,20.0,19.75,19.75,11900,0.0,0.25,0.0,1.27,0.12,-1
1999-12-23,19.88,20.0,19.62,19.75,4800,-0.13,0.38,-0.66,1.92,0.19,-1
1999-12-22,19.62,19.81,19.62,19.81,4700,0.19,0.19,0.96,0.96,0.09,-1
1999-12-21,19.75,19.94,19.62,19.81,7900,0.06,0.32,0.3,1.62,0.16,1
1999-12-20,19.25,19.5,19.06,19.5,6400,0.25,0.44,1.28,2.26,0.22,1
1999-12-17,19.25,19.31,19.0,19.25,16900,0.0,0.31,0.0,1.61,0.15,-1
1999-12-16,19.31,19.44,19.19,19.25,15400,-0.06,0.25,-0.31,1.3,0.12,-1
1999-12-15,19.62,19.62,19.44,19.44,3200,-0.18,0.18,-0.93,0.93,0.09,-1
1999-12-14,19.81,19.81,19.62,19.62,9100,-0.19,0.19,-0.97,0.97,0.09,-1
1999-12-13,19.88,19.88,19.69,19.69,9400,-0.19,0.19,-0.96,0.96,0.09,-1
1999-12-10,20.5,20.5,19.62,19.75,11300,-0.75,0.88,-3.8,4.46,0.44,-1
1999-12-09,20.75,20.88,20.5,20.5,8000,-0.25,0.38,-1.22,1.85,0.19,-1
1999-12-08,21.0,21.0,20.75,20.75,1800,-0.25,0.25,-1.2,1.2,0.12,-1
1999-12-07,20.75,21.06,20.75,21.0,5300,0.25,0.31,1.19,1.48,0.15,1
1999-12-06,21.0,21.12,20.69,20.69,7500,-0.31,0.43,-1.5,2.08,0.21,-1
1999-12-03,21.12,21.25,21.12,21.19,2500,0.07,0.13,0.33,0.61,0.06,1
1999-12-02,21.12,21.31,20.88,21.0,6300,-0.12,0.43,-0.57,2.05,0.21,-1
1999-12-01,21.25,21.25,21.06,21.12,1700,-0.13,0.19,-0.62,0.9,0.1,-1
1999-11-30,21.19,21.31,21.19,21.31,1700,0.12,0.12,0.56,0.56,0.06,1
1999-11-29,21.19,21.25,21.12,21.19,5000,0.0,0.13,0.0,0.61,0.06,-1
1999-11-26,21.12,21.25,21.12,21.25,1500,0.13,0.13,0.61,0.61,0.06,-1
1999-11-24,21.12,21.25,21.12,21.25,22500,0.13,0.13,0.61,0.61,0.06,1
1999-11-23,21.0,21.0,20.88,21.0,13200,0.0,0.12,0.0,0.57,0.06,-1
1999-11-22,21.06,21.19,20.94,21.0,7100,-0.06,0.25,-0.29,1.19,0.12,-1
1999-11-19,20.88,21.25,20.88,21.19,32600,0.31,0.37,1.46,1.75,0.19,1
1999-11-18,20.69,20.81,20.62,20.81,20200,0.12,0.19,0.58,0.91,0.09,1
1999-11-17,20.62,20.69,20.5,20.69,1800,0.07,0.19,0.34,0.92,0.1,-1
1999-11-16,20.69,20.69,20.56,20.69,2600,0.0,0.13,0.0,0.63,0.07,-1
1999-11-15,20.69,20.75,20.56,20.69,2500,0.0,0.19,0.0,0.92,0.1,-1
1999-11-12,20.75,20.75,20.69,20.69,6300,-0.06,0.06,-0.29,0.29,0.03,1
1999-11-11,20.25,20.62,20.19,20.62,25500,0.37,0.43,1.79,2.09,0.21,1
1999-11-10,20.19,20.25,20.19,20.19,19400,0.0,0.06,0.0,0.3,0.03,-1
1999-11-09,20.38,20.44,20.38,20.44,1900,0.06,0.06,0.29,0.29,0.03,-1
1999-11-08,20.38,20.56,20.38,20.44,5400,0.06,0.18,0.29,0.88,0.09,-1
1999-11-05,20.94,21.06,20.31,20.44,13900,-0.5,0.75,-2.45,3.67,0.38,-1
1999-11-04,21.44,21.5,20.94,20.94,5800,-0.5,0.56,-2.39,2.67,0.28,-1
1999-11-03,21.38,21.5,21.25,21.5,15800,0.12,0.25,0.56,1.16,0.12,-1
1999-11-02,21.56,21.62,21.5,21.5,4500,-0.06,0.12,-0.28,0.56,0.06,-1
1999-11-01,21.5,21.5,21.5,21.5,3200,0.0,0.0,0.0,0.0,0.0,-1
